936899
1075950
1377480
980969
1241100
1337400
1311866
1387683
1470150
1303650
1134116
1294083
1372950
1541250
1816316
1914183
1815866
1607733
1481737
1758262
1585016
1775140
1621560
1044000
1329750
1401300
1809000
1789766
759934
1053000
1352250
1161000
815966
1231579
725152
672502
1022400
954915
814934
826650
1289559
1185440
704250
827550
1104300
1454850
513450
670050
483300
330750
1159200
895008
1095479
1014704
906376
1878694
1614081
1362602
1308554
1060261
1588919
1950921
1084757
1000992
565766
572966
744967
563404
1034207
1043779
2014418
1659940
301907
1217877
2378410
2031694
1944421
978774
1816576
2173766
1575952
1400636
1134633
1845930
1699959
1748126
1783808
1415520
1624746
2237781
2173050
1852630
1200756
1514154
2144414
1489353
1667440
1146267
1590613
2138794
1828941
1703770
1470502
1241088
2149781
1616418
1801040
861550
1496405
1624658
1553052
1735558
1243400
1473877
1816858
1254611
1222004
1151232
1586198
1392620
860363
1648668
1354826
1396451
1237645
1239722
2052096
1542566
1271125
2189994
2142890
2033664
1698456
1006250
2165418
2221192
1302814
981502
992945
941938
704700
442132
528362
377706
328512
581837
1033200
1194171
1460000
1406020
1094326
989051
872126
1064533
1411156
1069204
1181246
1197820
1139370
2009770
1857536
1986560
1672397
774073
1550280
1156381
1201175
878400
722664
1238033
893652
758249
928813
1247525
749794
876817
797850
1220850
1057166
612558
1472843
776010
660854
980224
963310
492082
1225118
1135317
1088360
1032526
697104
860565
978976
917100
823332
879917
997200
758837
875345
1148467
1331602
1299806
1591152
1270492
1702792
1277403
1750900
1521919
922460
1979050
1754819
1330459
886941
534832
474517
634200
563714
597584
581516
373382
1104243
1257124
1355648
1138560
1103091
943433
827316
1043379
1137041
1115438
749733
913688
947146
1100522
857704
944916
1104379
1127250
1103400
1603315
1657806
1989290
1906688
1222440
966656
1544914
1033686
673619
1027350
1182471
868178
828210
923189
851002
1149068
1217910
1040223
1168077
1090620
1129994
944284
1286480
1261994
1333042
1465002
1818542
1850178
1903570
1378108
1152341
2254165
1963349
1955157
1897813
1227434
1727829
2260309
2028885
1821600
999424
1879381
2110122
2051112
1604266
909312
2225493
2190677
1982464
1791054
1062229
2170880
2180437
1978594
1988952
914773
1942186
1973589
2147669
1910101
909312
2138112
2214570
1970858
1769640
1327104
2057557
2197252
1361627
1157332
1170463
1301263
1364850
1510525
1298824
898650
615600
1065149
1301430
1388882
1246307
1978208
1479572
1592407
1390192
1110575
1903274
1473045
1960720
1600608
1138608
1993386
2261674
1956022
1994568
1482438
1434282
2386602
2059560
1769572
1373953
1511424
2282837
2178137
1649062
1311402
1693696
2463744
1919440
2075346
1570058
1332565
2373632
2156498
1791113
1309490
1403562
2208746
1879029
1716256
1228954
1706666
2439850
2154658
1969652
1312279
1272490
2495146
1979959
1992091
1172626
1590613
2383189
1892803
2041593
1279300
1474560
2407082
2106980
1923166
1680807
1242453
2359296
2208054
1934524
1556422
1142784
2370901
1709894
1659279
876104
1563989
1966828
1208412
1209000
870034
1209874
1017134
895506
1111710
1035450
918947
853391
882000
769050
812250
838350
909450
786150
726299
438358
593492
474300
417616
73334
457680
690719
688050
916246
849554
598500
499616
349200
328383
259650
480150
490710
473756
304082
332100
475200
542699
488700
314100
479699
487350
484200
592200
465532
407467
436049
712800
510309
520195
511646
376990
752510
802582
718178
667256
237933
535298
819652
857498
820552
1123432
1496017
1628100
1517839
1527011
1000306
909793
1212012
1683738
1727752
1869062
1327104
1981098
2216193
1906256
1737899
1273966
1594026
2437427
2124442
1952524
1168042
1647957
2296490
1882190
1489794
1144048
1687552
1769806
1524266
1628292
1403482
1620563
1232645
1145210
1235740
1236471
1922242
1869135
1943410
1414273
1076350
1612785
1471566
1579331
2061268
1506596
1445888
2176048
1697066
1654983
1495126
1444522
1639985
1223048
1131584
1093634
1667093
1529183
1257673
1440900
1224566
1668934
940561
858988
628650
500400
441900
397365
534134
1057054
1101146
421650
1097115
1677533
1896290
936899
1075950
1377480
980969
1241100
1337400
1311866
1387683
1470150
1303650
1134116
1294083
1372950
1541250
1816316
1914183
1815866
1607733
1481737
1758262
1585016
1775140
1621560
1044000
1329750
1401300
1809000
1789766
759934
1053000
1352250
1161000
815966
1231579
725152
672502
1022400
954915
814934
826650
1289559
1185440
704250
827550
1104300
1454850
513450
670050
483300
330750
1159200
895008
1095479
1014704
906376
1878694
1614081
1362602
1308554
1060261
1588919
1950921
1084757
1000992
565766
572966
744967
563404
1034207
1043779
2014418
1659940
301907
1217877
2378410
2031694
1944421
978774
1816576
2173766
1575952
1400636
1134633
1845930
1699959
1748126
1783808
1415520
1624746
2237781
2173050
1852630
1200756
1514154
2144414
1489353
1667440
1146267
1590613
2138794
1828941
1703770
1470502
1241088
2149781
1616418
1801040
861550
1496405
1624658
1553052
1735558
1243400
1473877
1816858
1254611
1222004
1151232
1586198
1392620
860363
1648668
1354826
1396451
1237645
1239722
2052096
1542566
1271125
2189994
2142890
2033664
1698456
1006250
2165418
2221192
1302814
981502
992945
941938
704700
442132
528362
377706
328512
581837
1033200
1194171
1460000
1406020
1094326
989051
872126
1064533
1411156
1069204
1181246
1197820
1139370
2009770
1857536
1986560
1672397
774073
1550280
1156381
1201175
878400
722664
1238033
893652
758249
928813
1247525
749794
876817
797850
1220850
1057166
612558
1472843
776010
660854
980224
963310
492082
1225118
1135317
1088360
1032526
697104
860565
978976
917100
823332
879917
997200
758837
875345
1148467
1331602
1299806
1591152
1270492
1702792
1277403
1750900
1521919
922460
1979050
1754819
1330459
886941
534832
474517
634200
563714
597584
581516
373382
1104243
1257124
1355648
1138560
1103091
943433
827316
1043379
1137041
1115438
749733
913688
947146
1100522
857704
944916
1104379
1127250
1103400
1603315
1657806
1989290
1906688
1222440
966656
1544914
1033686
673619
1027350
1182471
868178
828210
923189
851002
1149068
1217910
1040223
1168077
1090620
1129994
944284
1286480
1261994
1333042
1465002
1818542
1850178
1903570
1378108
1152341
2254165
1963349
1955157
1897813
1227434
1727829
2260309
2028885
1821600
999424
1879381
2110122
2051112
1604266
909312
2225493
2190677
1982464
1791054
1062229
2170880
2180437
1978594
1988952
914773
1942186
1973589
2147669
1910101
909312
2138112
2214570
1970858
1769640
1327104
2057557
2197252
1361627
1157332
1170463
1301263
1364850
1510525
1298824
898650
615600
1065149
1301430
1388882
1246307
1978208
1479572
1592407
1390192
1110575
1903274
1473045
1960720
1600608
1138608
1993386
2261674
1956022
1994568
1482438
1434282
2386602
2059560
1769572
1373953
1511424
2282837
2178137
1649062
1311402
1693696
2463744
1919440
2075346
1570058
1332565
2373632
2156498
1791113
1309490
1403562
2208746
1879029
1716256
1228954
1706666
2439850
2154658
1969652
1312279
1272490
2495146
1979959
1992091
1172626
1590613
2383189
1892803
2041593
1279300
1474560
2407082
2106980
1923166
1680807
1242453
2359296
2208054
1934524
1556422
1142784
2370901
1709894
1659279
876104
1563989
1966828
1208412
1209000
870034
1209874
1017134
895506
1111710
1035450
918947
853391
882000
769050
812250
838350
909450
786150
726299
438358
593492
474300
417616
73334
457680
690719
688050
916246
849554
598500
499616
349200
328383
259650
480150
490710
473756
304082
332100
475200
542699
488700
314100
479699
487350
484200
592200
465532
407467
436049
712800
510309
520195
511646
376990
752510
802582
718178
667256
237933
535298
819652
857498
820552
1123432
1496017
1628100
1517839
1527011
1000306
909793
1212012
1683738
1727752
1869062
1327104
1981098
2216193
1906256
1737899
1273966
1594026
2437427
2124442
1952524
1168042
1647957
2296490
1882190
1489794
1144048
1687552
1769806
1524266
1628292
1403482
1620563
1232645
1145210
1235740
1236471
1922242
1869135
1943410
1414273
1076350
1612785
1471566
1579331
2061268
1506596
1445888
2176048
1697066
1654983
1495126
1444522
1639985
1223048
1131584
1093634
1667093
1529183
1257673
1440900
1224566
1668934
940561
858988
628650
500400
441900
397365
534134
1057054
1101146
421650
1097115
1677533
1896290
936899
1075950
1377480
980969
1241100
1337400
1311866
1387683
1470150
1303650
1134116
1294083
1372950
1541250
1816316
1914183
1815866
1607733
1481737
1758262
1585016
1775140
1621560
1044000
1329750
1401300
1809000
1789766
759934
1053000
1352250
1161000
815966
1231579
725152
672502
1022400
954915
814934
826650
1289559
1185440
704250
827550
1104300
