800029
1037960
973938
1487060
1169450
1182126
1268270
976204
1147646
870038
984256
925860
771505
762968
830817
439448
221970
488425
579190
375193
412937
264208
128060
116377
145134
215680
121769
262860
118624
142438
135249
184676
66052
52572
106941
99302
57964
4493
10000
10000
10000
10000
10000
10000
10000
10000
10000
10000
98853
617833
1236116
206538
1963485
1662669
1215506
747966
1518746
1427082
2124301
2233782
2146914
2180614
2386409
1179116
865800
1262670
1704298
1614865
1104554
1649928
1030269
1245785
1128941
498760
1068748
1363528
1659353
1428932
388038
1071786
2695168
1191512
374354
589525
522574
286225
376990
1015044
413836
10000
1071029
582068
695568
633110
523024
254772
198605
238146
139293
177936
183777
168050
171196
116826
114580
134800
155469
187372
264208
222420
166253
367554
672904
837305
445056
129857
1565261
487742
421924
503037
661634
871257
500557
367554
321273
678977
598028
577842
426434
552213
526618
386876
393616
488425
399241
640374
793664
245336
346436
442144
524389
554010
539882
652665
696000
733980
305726
1206061
1393382
917988
720964
731281
822280
517632
820033
729950
866530
728153
394281
904508
675797
655128
761620
1001564
1103113
1123333
980462
1059510
522125
1430582
1641617
1699720
1431558
776897
390372
1848656
1220838
1515022
1011362
1438532
1388889
1378157
1658886
1685986
1658401
1532460
1596233
2022149
1559818
1202176
2536789
2489800
1637206
1591177
245077
1052672
2957312
1485742
1142850
1159297
1264406
1043836
1053412
1033922
739153
1034365
323520
1585697
939730
895796
735844
1116628
1255134
1144090
1218936
1060928
1220786
1085460
724232
985394
1010188
911930
867325
813293
849689
848790
966066
785434
685466
949009
778098
859470
866764
713325
952080
753356
841152
717136
44717
657381
1252950
34149
1385761
757144
552196
683436
505050
535605
484830
457870
435404
296110
366656
338797
373845
294313
225565
214332
385078
441478
443708
462028
678829
515834
376092
542345
586017
631912
467736
367105
248481
141540
104245
194561
56616
102448
1243724
1049700
1137685
1512230
1516346
1169112
1447734
95708
840253
703545
1415061
1240626
1334278
1180330
2356630
1575864
1203956
1092737
633538
1042902
938942
1317333
1295704
652629
567978
2585941
1450201
688016
1336393
1169002
1130494
1060904
1277005
644830
1272612
1515760
1254692
846094
817200
1058317
621281
726934
822297
1169942
1093764
1168085
771004
900913
946269
2212893
1470422
1751242
1307265
1252977
1490944
1613640
1548341
902380
1691738
1860266
2551125
2364338
1657590
1350648
1116842
2516309
2121249
1791906
1401621
1161898
1761157
1789437
1680757
1291726
1355776
2516992
2556897
2159870
1430825
954148
858982
1687277
901466
1232093
1001888
1991338
2605056
2580480
2419321
1077497
1868458
2783914
2640554
2577749
692224
648533
521557
1514154
2229589
651946
1241770
2701312
2566144
2680149
1265664
1957888
2656938
2626901
2583210
1545557
1374890
2325845
2463744
1926485
1045845
1766741
1530538
2002944
1203541
961877
1602901
2462378
2454869
2610517
1116842
1882794
2476714
2398208
2628266
1411754
1152341
2482176
2300906
98404
10000
10000
10000
1759086
2613930
1548970
2267136
2280106
2533376
2476032
1626112
1037653
2374997
2551125
2525184
1410389
416426
1075200
2422784
2482176
1799509
1766741
2506069
2382506
2275646
1411754
985088
2495829
1915608
1524956
1315001
1210368
1333468
576944
553129
750386
753532
598080
450664
141090
122964
945801
800636
864110
695221
723296
708781
1402282
1421854
1687696
785948
1966080
1379592
1337216
1002030
889213
1187138
1301718
1270766
1118521
847960
897517
488658
257917
673550
626820
748589
764886
522453
394514
705686
592437
389572
393616
1110302
1034616
761905
593033
393166
632661
344638
590873
555825
142438
199504
625472
751873
1018500
849240
368453
257684
265106
376092
123117
137945
337449
879380
316564
1100598
592290
739084
341493
290269
475394
785884
770494
817898
715641
327028
221970
27858
236349
381034
700960
557064
692981
800712
1104910
982692
992465
996733
1359773
1829668
2063309
1175645
687929
594012
487424
1214657
511557
399008
453102
217302
912596
420126
629885
1498420
1034336
959326
680956
399457
713774
980212
1171412
993026
1289586
840289
1203728
1273992
844165
1051440
1335344
1719854
1482450
1651917
1411884
1838573
1346901
2481493
2345504
2260921
1592132
894976
2301952
2577066
2291712
1989290
1092266
2138112
2189354
685682
910710
1456128
2383189
2342912
2368853
1946965
895658
2104661
2605056
1534112
1110757
831494
1310022
844746
1316849
921930
839836
1173780
1785296
597613
780492
1083785
878453
733329
614221
948992
475230
658289
731662
539018
687894
891693
911930
920736
1016789
815306
1006956
841152
948542
843200
550641
469993
572684
301269
788130
957313
1046264
1091621
853198
930853
1222462
871257
1443786
1466346
1345952
1488896
1363285
2151082
1971352
1594122
526666
1218560
1623381
2513578
2368853
2419370
1784490
1111381
1981098
2537472
2476714
2252117
1755818
1153706
2065749
2448042
800029
1037960
973938
1487060
1169450
1182126
1268270
976204
1147646
870038
984256
925860
771505
762968
830817
439448
221970
488425
579190
375193
412937
264208
128060
116377
145134
215680
121769
262860
118624
142438
135249
184676
66052
52572
106941
99302
57964
4493
10000
10000
10000
10000
10000
10000
10000
10000
10000
10000
98853
617833
1236116
206538
1963485
1662669
1215506
747966
1518746
1427082
2124301
2233782
2146914
2180614
2386409
1179116
865800
1262670
1704298
1614865
1104554
1649928
1030269
1245785
1128941
498760
1068748
1363528
1659353
1428932
388038
1071786
2695168
1191512
374354
589525
522574
286225
376990
1015044
413836
10000
1071029
582068
695568
633110
523024
254772
198605
238146
139293
177936
183777
168050
171196
116826
114580
134800
155469
187372
264208
222420
166253
367554
672904
837305
445056
129857
1565261
487742
421924
503037
661634
871257
500557
367554
321273
678977
598028
577842
426434
552213
526618
386876
393616
488425
399241
640374
793664
245336
346436
442144
524389
554010
539882
652665
696000
733980
305726
1206061
1393382
917988
720964
731281
822280
517632
820033
729950
866530
728153
394281
904508
675797
655128
761620
1001564
1103113
1123333
980462
1059510
522125
1430582
1641617
1699720
1431558
776897
390372
1848656
1220838
1515022
1011362
1438532
1388889
1378157
1658886
1685986
1658401
1532460
1596233
2022149
1559818
1202176
2536789
2489800
1637206
1591177
245077
1052672
2957312
1485742
1142850
1159297
1264406
1043836
1053412
1033922
739153
1034365
323520
1585697
939730
895796
735844
1116628
1255134
1144090
1218936
1060928
1220786
1085460
724232
985394
1010188
911930
867325
813293
849689
848790
966066
785434
685466
949009
778098
859470
866764
713325
952080
753356
841152
717136
44717
657381
1252950
34149
1385761
757144
552196
683436
505050
535605
484830
457870
435404
296110
366656
338797
373845
294313
225565
214332
385078
441478
443708
462028
678829
515834
376092
542345
586017
631912
467736
367105
248481
141540
104245
194561
56616
102448
1243724
1049700
1137685
1512230
1516346
1169112
1447734
95708
840253
703545
1415061
1240626
1334278
1180330
2356630
1575864
1203956
1092737
633538
1042902
938942
1317333
1295704
652629
567978
2585941
1450201
688016
1336393
1169002
1130494
1060904
1277005
644830
1272612
1515760
1254692
846094
817200
1058317
621281
726934
822297
1169942
1093764
1168085
771004
900913
946269
2212893
1470422
1751242
1307265
1252977
1490944
1613640
1548341
902380
1691738
1860266
2551125
2364338
1657590
1350648
1116842
2516309
2121249
1791906
1401621
1161898
1761157
1789437
1680757
1291726
1355776
2516992
2556897
2159870
1430825
954148
858982
1687277
901466
1232093
1001888
1991338
2605056
2580480
2419321
1077497
1868458
2783914
2640554
2577749
692224
648533
521557
1514154
2229589
651946
1241770
2701312
2566144
2680149
1265664
1957888
2656938
2626901
2583210
1545557
1374890
2325845
2463744
1926485
1045845
1766741
1530538
2002944
1203541
961877
1602901
2462378
2454869
2610517
1116842
1882794
2476714
2398208
2628266
1411754
1152341
2482176
2300906
98404
10000
10000
10000
1759086
2613930
1548970
2267136
2280106
2533376
2476032
1626112
1037653
2374997
2551125
2525184
1410389
416426
1075200
2422784
2482176
1799509
1766741
2506069
2382506
2275646
1411754
985088
2495829
1915608
1524956
1315001
1210368
1333468
576944
553129
750386
753532
598080
