474712
1219041
1524138
1776664
1221288
2100633
1343506
1773718
2074640
2094074
2247565
2094342
1556041
2270481
2475718
2564778
1303893
1194666
2635776
2666496
2636458
1669898
1160533
2759338
2465792
2562048
1432917
1374890
2426197
2521770
2548394
1391957
1019904
2508117
2544981
2548394
1586517
1293653
2267136
2544298
2632306
1212913
1363968
2491733
1657145
1514330
1210577
1733290
2016052
1160908
1502362
775693
1535876
1115496
1389986
1549889
1388054
1544192
2486670
2560258
2353402
1567402
1172821
2472618
2564778
2579797
2226858
1238357
2642602
2598912
2536789
1799509
1579690
1659562
2618026
2507434
2035712
1226069
2303317
2603008
2717013
1970654
1068493
1379070
1185229
1250356
1248662
1269816
1333621
1355889
1526368
1747673
1930336
1481002
1940221
2524804
2541878
2995118
2006860
2644810
2701806
1693986
2331141
1698030
2198588
2729700
2611974
2291162
2418300
3636005
3606686
3158026
3463861
3491898
2898569
2767893
2678925
1166918
2416316
1599376
1718186
1702138
1786782
1765646
1682986
1745210
1629498
1736640
1913294
1788346
1740985
1662265
1536270
1322837
1741452
1289750
1298573
1793522
1833046
1995273
1830117
1761706
1614584
1242406
1125130
1207358
1299022
1263076
1112998
1111650
1113448
1657141
1701176
1804522
2372169
2874981
3191096
3947050
3478182
3821364
3856490
4353494
4351344
4279001
4147346
4237662
4150526
4372661
4361696
4263889
4375874
4356036
4359881
4345053
4035381
4034913
3996370
3992208
3980288
4023693
4002196
3999177
4004009
3919406
4050024
4029117
3953234
4047145
3969378
3993606
4017589
3989181
3974692
4049952
3948121
3991094
3940665
3496170
4623774
3999084
4001097
3999481
3994573
3852584
3807434
3964900
4330674
4034549
3991442
4019070
3996509
4000094
3995636
4004908
3982890
4013532
4003689
3995965
3966110
3820558
4203204
4010661
3999913
3995226
4007400
3999066
3999084
3831378
4140676
4006222
3729266
4160826
4127809
4001797
3998349
4003378
3998220
3793480
3814130
4022632
3553562
2547950
1742514
1568622
1499425
1583036
1725854
1750378
1270489
1214098
1571318
1336317
1440562
815090
1595133
1404616
1351145
1018638
1255437
947644
1327590
1140830
1167817
1225781
1221737
1224485
1184390
1174808
1201966
1151157
1256102
1409558
1473364
1314300
1677361
1748356
1794128
1721905
1914609
2034366
474712
1219041
1524138
1776664
1221288
2100633
1343506
1773718
2074640
2094074
2247565
2094342
1556041
2270481
2475718
2564778
1303893
1194666
2635776
2666496
2636458
1669898
1160533
2759338
2465792
2562048
1432917
1374890
2426197
2521770
2548394
1391957
1019904
2508117
2544981
2548394
1586517
1293653
2267136
2544298
2632306
1212913
1363968
2491733
1657145
1514330
1210577
1733290
2016052
1160908
1502362
775693
1535876
1115496
1389986
1549889
1388054
1544192
2486670
2560258
2353402
1567402
1172821
2472618
2564778
2579797
2226858
1238357
2642602
2598912
2536789
1799509
1579690
1659562
2618026
2507434
2035712
1226069
2303317
2603008
2717013
1970654
1068493
1379070
1185229
1250356
1248662
1269816
1333621
1355889
1526368
1747673
1930336
1481002
1940221
2524804
2541878
2995118
2006860
2644810
2701806
1693986
2331141
1698030
2198588
2729700
2611974
2291162
2418300
3636005
3606686
3158026
3463861
3491898
2898569
2767893
2678925
1166918
2416316
1599376
1718186
1702138
1786782
1765646
1682986
1745210
1629498
1736640
1913294
1788346
1740985
1662265
1536270
1322837
1741452
1289750
1298573
1793522
1833046
1995273
1830117
1761706
1614584
1242406
1125130
1207358
1299022
1263076
1112998
1111650
1113448
1657141
1701176
1804522
2372169
2874981
3191096
3947050
3478182
3821364
3856490
4353494
4351344
4279001
4147346
4237662
4150526
4372661
4361696
4263889
4375874
4356036
4359881
4345053
4035381
4034913
3996370
3992208
3980288
4023693
4002196
3999177
4004009
3919406
4050024
4029117
3953234
4047145
3969378
3993606
4017589
3989181
3974692
4049952
3948121
3991094
3940665
3496170
4623774
3999084
4001097
3999481
3994573
3852584
3807434
3964900
4330674
4034549
3991442
4019070
3996509
4000094
3995636
4004908
3982890
4013532
4003689
3995965
3966110
3820558
4203204
4010661
3999913
3995226
4007400
3999066
3999084
3831378
4140676
4006222
3729266
4160826
4127809
4001797
3998349
4003378
3998220
3793480
3814130
4022632
3553562
2547950
1742514
1568622
1499425
1583036
1725854
1750378
1270489
1214098
1571318
1336317
1440562
815090
1595133
1404616
1351145
1018638
1255437
947644
1327590
1140830
1167817
1225781
1221737
1224485
1184390
1174808
1201966
1151157
1256102
1409558
1473364
1314300
1677361
1748356
1794128
1721905
1914609
2034366
474712
1219041
1524138
1776664
1221288
2100633
1343506
1773718
2074640
2094074
2247565
2094342
1556041
2270481
2475718
2564778
1303893
1194666
2635776
2666496
2636458
1669898
1160533
2759338
2465792
2562048
1432917
1374890
2426197
2521770
2548394
1391957
1019904
2508117
2544981
2548394
1586517
1293653
2267136
2544298
2632306
1212913
1363968
2491733
1657145
1514330
1210577
1733290
2016052
1160908
1502362
775693
1535876
1115496
1389986
1549889
1388054
1544192
2486670
2560258
2353402
1567402
1172821
2472618
2564778
2579797
2226858
1238357
2642602
2598912
2536789
1799509
1579690
1659562
2618026
2507434
2035712
1226069
2303317
2603008
2717013
1970654
1068493
1379070
1185229
1250356
1248662
1269816
1333621
1355889
1526368
1747673
1930336
1481002
1940221
2524804
2541878
2995118
2006860
2644810
2701806
1693986
2331141
1698030
2198588
2729700
2611974
2291162
2418300
3636005
3606686
3158026
3463861
3491898
2898569
2767893
2678925
1166918
2416316
1599376
1718186
1702138
1786782
1765646
1682986
1745210
1629498
1736640
1913294
1788346
1740985
1662265
1536270
1322837
1741452
1289750
1298573
1793522
1833046
1995273
1830117
1761706
1614584
1242406
1125130
1207358
1299022
1263076
1112998
1111650
1113448
1657141
1701176
1804522
2372169
2874981
3191096
3947050
3478182
3821364
3856490
4353494
4351344
4279001
4147346
4237662
4150526
4372661
4361696
4263889
4375874
4356036
4359881
4345053
4035381
4034913
3996370
3992208
3980288
4023693
4002196
3999177
4004009
3919406
4050024
4029117
3953234
4047145
3969378
3993606
4017589
3989181
3974692
4049952
3948121
3991094
3940665
3496170
4623774
3999084
4001097
3999481
3994573
3852584
3807434
3964900
4330674
4034549
3991442
4019070
3996509
4000094
3995636
4004908
3982890
4013532
4003689
3995965
3966110
3820558
4203204
4010661
3999913
3995226
4007400
3999066
3999084
3831378
4140676
4006222
3729266
4160826
4127809
4001797
3998349
4003378
3998220
3793480
3814130
4022632
3553562
2547950
1742514
1568622
1499425
1583036
1725854
1750378
1270489
1214098
1571318
1336317
1440562
815090
1595133
1404616
1351145
1018638
1255437
947644
1327590
1140830
1167817
1225781
1221737
1224485
1184390
1174808
1201966
1151157
1256102
1409558
1473364
1314300
1677361
1748356
1794128
1721905
1914609
2034366
474712
1219041
1524138
1776664
1221288
2100633
1343506
1773718
2074640
2094074
2247565
2094342
1556041
2270481
2475718
2564778
1303893
1194666
2635776
2666496
2636458
1669898
1160533
2759338
2465792
2562048
1432917
1374890
2426197
2521770
2548394
1391957
1019904
2508117
2544981
2548394
1586517
1293653
2267136
2544298
2632306
1212913
1363968
2491733
1657145
1514330
1210577
1733290
2016052
1160908
1502362
775693
1535876
1115496
1389986
1549889
1388054
1544192
2486670
2560258
2353402
1567402
1172821
2472618
2564778
2579797
2226858
1238357
2642602
2598912
2536789
1799509
1579690
1659562
2618026
2507434
2035712
1226069
2303317
2603008
2717013
1970654
1068493
1379070
1185229
1250356
1248662
1269816
1333621
1355889
1526368
1747673
1930336
1481002
1940221
2524804
2541878
2995118
2006860
2644810
2701806
1693986
2331141
1698030
2198588
2729700
2611974
2291162
2418300
3636005
3606686
3158026
3463861
3491898
2898569
2767893
2678925
1166918
2416316
1599376
1718186
1702138
1786782
1765646
1682986
1745210
1629498
1736640
1913294
1788346
1740985
1662265
1536270
1322837
1741452
1289750
1298573
1793522
1833046
1995273
1830117
1761706
1614584
1242406
1125130
1207358
1299022
1263076
1112998
1111650
1113448
1657141
1701176
1804522
2372169
2874981
3191096
3947050
3478182
3821364
3856490
4353494
4351344
4279001
4147346
4237662
4150526
4372661
4361696
4263889
4375874
4356036
4359881
4345053
4035381
4034913
3996370
3992208
3980288
4023693
4002196
3999177
4004009
3919406
4050024
4029117
3953234
4047145
3969378
3993606
4017589
3989181
3974692
4049952
3948121
3991094
3940665
3496170
4623774
3999084
4001097
3999481
3994573
3852584
3807434
3964900
4330674
4034549
3991442
4019070
3996509
4000094
3995636
4004908
3982890
4013532
4003689
3995965
3966110
3820558
4203204
4010661
3999913
3995226
4007400
3999066
3999084
3831378
4140676
4006222
3729266
4160826
4127809
4001797
3998349
4003378
3998220
3793480
3814130
4022632
3553562
2547950
1742514
1568622
1499425
1583036
1725854
1750378
1270489
1214098
1571318
1336317
1440562
815090
1595133
1404616
1351145
1018638
1255437
947644
1327590
1140830
1167817
1225781
1221737
