1408746
1417834
1314102
1111144
1084970
736649
748800
941850
437066
874540
1216258
1748712
1466384
1210888
1391928
1420725
1593075
1544170
1720116
1832025
1357032
1525522
1272787
1152183
918878
878860
1533328
1007533
1192084
1029348
990048
1405972
1285538
1506796
1320282
1179790
1009842
815628
796717
709432
950137
1138980
920250
1126800
738882
587268
562732
1222144
1509502
1899254
1681096
1456128
2179072
2064874
1349297
1529852
1064960
2146636
1116759
1184990
932752
929801
1213196
1260106
2008601
1746105
1458176
2330624
1964937
1971615
1606365
1201493
2054144
1565206
1168560
817910
1017872
629317
882664
886286
1017613
1471878
1211091
1123416
740700
761850
451846
1587459
1699441
1961782
1479220
1040402
2248704
2014382
1934680
2048708
782336
2109440
1742074
1376793
1726195
901120
2030858
1758332
1984559
1380401
1079296
1942869
2202282
2051977
1583234
1202176
1555114
2188629
1496399
1471578
955876
1758549
2119846
1021500
682766
308896
294437
623250
895420
662720
380008
807315
894150
906284
1078816
1082108
681741
876134
353010
551488
144000
1107660
914400
1275480
1727653
1192489
1967445
2132355
1470932
1213685
1167528
1899861
1543180
1587739
1743432
1149833
1527936
1372967
1119587
866460
1040178
1379564
1360947
921150
526049
866052
1218698
1250204
1193690
1427105
985437
1901909
1877215
1290482
1341946
1024610
1302556
1340547
1414462
1112988
1028290
1047538
833733
776190
1134060
924012
1743288
1241254
1358291
909171
1315076
1488366
1298989
1444950
917884
1137832
766450
557130
708269
728100
880025
1274124
1096448
1062202
1294380
1163344
1205234
1026040
982886
831063
783454
878004
940822
729070
1012965
770806
1037080
1084248
1041845
1574454
1597950
1492860
1431689
1373400
1411650
1355850
1037341
1071125
968850
704715
747434
477450
614249
628650
552150
409500
601756
465411
398010
671850
562774
544914
420779
402721
423449
374850
295200
776820
755429
465750
762750
934654
1079996
1266686
1293814
758917
1088767
1033200
1015410
844004
1039714
1110820
1561950
1312912
1391444
1438793
1539000
1654650
1314904
1487246
1278900
1338416
1270649
1501093
1260808
1230300
1195650
1044000
1120050
1308150
1445966
1596483
1792916
1637850
1415733
1708650
1548000
1480049
1676700
1106100
1481404
1714199
1284587
1360138
1412770
1360350
1285650
1429649
1464873
1359777
1196100
1047150
1080900
778050
1006882
880868
765904
463046
1047810
1069650
1187132
1220824
739354
589728
931721
618173
778405
776921
927446
946350
1006204
907196
890550
1038150
877500
874800
1008000
727200
944999
719100
777600
1151099
980100
959182
842656
662360
538650
544756
748442
618650
515350
600750
697500
535050
693900
985545
1115954
1026000
1399950
1459193
1426656
1307700
1145091
1269158
1359900
1205550
1160999
1296450
987300
244916
671494
918098
1163840
998550
1051650
999900
1317600
1306349
1168200
1242566
1068183
1052336
1220659
879021
1062454
1089000
1033200
784796
1001910
1074389
1062900
1241100
1249495
665015
253589
738900
579600
754200
790650
570150
179100
288900
443254
295196
431550
618315
521752
455400
458550
388799
382500
374404
944359
1055886
1189804
1238846
1419510
1187789
1214100
1143450
647549
936900
844766
944432
1275961
1414139
1347413
1432236
1522194
1450716
1352276
1099113
1125860
1233489
1259100
1423350
751500
947700
1092599
967504
1169995
841868
1045648
820350
880649
815161
773789
900116
884133
940313
1073886
1047949
1084600
1235170
1274929
1084182
893996
797887
672966
442350
789453
889046
763200
907200
836550
580500
668700
537300
907432
818550
1098900
900449
740808
668259
588483
1258200
1540800
1594350
1274198
1327561
1549025
1572117
1287632
1417049
1233867
1346433
1381710
1222439
497699
704011
519539
446404
480595
356850
401160
346289
388350
455850
1079999
1018800
1354499
1187550
974231
1087218
1066499
1470398
1333552
1239750
1503900
1452876
1766402
1636889
1817332
1559467
1474650
1651500
1668600
1804062
1172236
1702800
1863450
1741050
1719900
1781841
1949558
1706400
1374750
1463610
1359867
1117738
1085733
969358
909391
528624
673093
697949
908100
1100700
1096338
952962
771750
1027350
945976
1049323
1982932
1941067
1866600
1930954
1696162
1889434
1930616
1871666
1657234
2042038
1557844
1050532
817635
401066
718984
642600
984150
1346850
1586700
1692915
1359202
1185750
1022066
1090233
1177650
1005750
1146810
1006439
1213650
1490072
1329627
1433254
1363946
1246049
1344848
1263352
1156950
1149315
1129484
1458900
1292461
1208421
1349317
1008450
879300
797966
722133
888300
843750
778833
582750
435150
426593
359339
1032532
1696500
1840050
1950750
1252347
1924325
1746606
1588206
1843200
1636741
1783825
1717083
1926900
1957684
1898008
1791125
2026442
1800474
1879966
1895418
1939050
1814850
1408746
1417834
1314102
1111144
1084970
736649
748800
941850
437066
874540
1216258
1748712
1466384
1210888
1391928
1420725
1593075
1544170
1720116
1832025
1357032
1525522
1272787
1152183
918878
878860
1533328
1007533
1192084
1029348
990048
1405972
1285538
1506796
1320282
1179790
1009842
815628
796717
709432
950137
1138980
920250
1126800
738882
587268
562732
1222144
1509502
1899254
1681096
1456128
2179072
2064874
1349297
1529852
1064960
2146636
1116759
1184990
932752
929801
1213196
1260106
2008601
1746105
1458176
2330624
1964937
1971615
1606365
1201493
2054144
1565206
1168560
817910
1017872
629317
882664
886286
1017613
1471878
1211091
1123416
740700
761850
451846
1587459
1699441
1961782
1479220
1040402
2248704
2014382
1934680
2048708
782336
2109440
1742074
1376793
1726195
901120
2030858
1758332
1984559
1380401
1079296
1942869
2202282
2051977
1583234
1202176
1555114
2188629
1496399
1471578
955876
1758549
2119846
1021500
682766
308896
294437
623250
895420
662720
380008
807315
894150
906284
1078816
1082108
681741
876134
353010
551488
144000
1107660
914400
1275480
1727653
1192489
1967445
2132355
1470932
1213685
1167528
1899861
1543180
1587739
1743432
1149833
1527936
1372967
1119587
866460
1040178
1379564
1360947
921150
526049
866052
1218698
1250204
1193690
1427105
985437
1901909
1877215
1290482
1341946
1024610
1302556
1340547
1414462
1112988
1028290
1047538
833733
776190
1134060
924012
1743288
1241254
1358291
909171
1315076
1488366
1298989
1444950
917884
1137832
766450
557130
708269
728100
880025
1274124
1096448
1062202
1294380
1163344
1205234
1026040
982886
831063
783454
878004
940822
729070
1012965
770806
1037080
1084248
1041845
1574454
1597950
1492860
1431689
1373400
1411650
1355850
1037341
1071125
968850
704715
747434
477450
614249
628650
552150
409500
601756
465411
398010
671850
562774
544914
420779
402721
423449
374850
295200
776820
755429
465750
762750
934654
1079996
1266686
1293814
758917
1088767
1033200
1015410
844004
1039714
1110820
1561950
1312912
1391444
1438793
1539000
1654650
1314904
1487246
1278900
1338416
1270649
1501093
1260808
1230300
1195650
1044000
1120050
1308150
1445966
1596483
1792916
1637850
1415733
1708650
1548000
1480049
1676700
1106100
1481404
1714199
1284587
1360138
1412770
1360350
1285650
1429649
1464873
1359777
1196100
1047150
1080900
778050
1006882
880868
765904
463046
1047810
1069650
1187132
1220824
739354
589728
931721
618173
778405
776921
927446
946350
1006204
907196
890550
1038150
877500
874800
1008000
727200
944999
719100
777600
1151099
980100
959182
842656
662360
538650
544756
748442
618650
515350
600750
697500
535050
693900
985545
1115954
1026000
1399950
1459193
1426656
1307700
1145091
1269158
1359900
1205550
1160999
1296450
987300
244916
671494
918098
1163840
998550
1051650
999900
1317600
1306349
1168200
1242566
1068183
1052336
1220659
879021
1062454
1089000
1033200
784796
1001910
1074389
1062900
1241100
1249495
665015
253589
738900
579600
754200
790650
570150
179100
288900
443254
295196
431550
618315
521752
455400
458550
388799
382500
374404
944359
1055886
1189804
1238846
1419510
1187789
1214100
1143450
647549
936900
844766
944432
1275961
1414139
1347413
1432236
1522194
1450716
1352276
1099113
1125860
1233489
1259100
1423350
751500
947700
1092599
967504
1169995
841868
1045648
820350
880649
815161
773789
900116
884133
940313
1073886
1047949
1084600
1235170
1274929
1084182
893996
797887
672966
442350
789453
889046
763200
907200
836550
580500
668700
537300
907432
818550
1098900
900449
740808
668259
588483
1258200
1540800
1594350
1274198
1327561
1549025
1572117
1287632
1417049
1233867
1346433
1381710
1222439
497699
704011
519539
446404
480595
356850
401160
346289
388350
455850
1079999
1018800
1354499
1187550
974231
1087218
1066499
1470398
1333552
1239750
1503900
1452876
1766402
1636889
1817332
