1946785
1170212
2368853
2182076
1924130
1774684
1177906
1581056
2297533
1460613
1151836
1025154
965193
333353
398109
632661
78633
1764532
1372264
1273982
1382286
1124222
1222169
994357
935062
711217
495260
692405
502605
855729
619630
124016
449
97505
261512
475394
416082
392268
517450
389304
239494
39541
460117
72792
1377692
1449877
1578314
1962390
1497322
1094109
970326
861522
897833
609296
688552
698773
619630
596032
787914
842517
811928
705108
709609
643186
571361
627718
543693
580158
595746
1797
1135085
807598
715788
719382
819584
839138
959093
857898
931562
953934
1121804
1269493
1341764
1172282
2407082
1920690
1366698
1456810
2503338
2672640
2410772
1938972
1798052
1975637
2138161
2152884
1800872
1587200
2116949
2044017
1617398
1019780
558494
1328469
983424
593633
554862
430461
247366
90082
10000
612890
266904
236349
310489
613340
525970
443690
380585
446188
523473
274542
90765
10000
304198
217593
499093
301502
320824
336550
162658
192661
860126
585930
360365
647276
544356
517632
474945
405298
538750
471800
414734
478090
477641
511341
346885
282630
798465
407545
585032
578058
446637
442593
10000
919768
580106
226464
10000
563162
749789
225116
10000
909684
401704
457870
360814
398558
426417
441245
481072
492660
461309
400934
382832
441712
429096
465077
425501
360814
96606
10000
26960
10000
1222186
330709
316780
346885
400140
522662
685413
370574
978272
873054
759373
514288
734246
1095285
1169701
1225882
1119738
1291528
823648
658273
1028524
1180900
1323684
1459205
1587412
1617046
1532341
1284613
1152477
1032264
1273660
1044700
1483249
1236254
1622372
2062990
1482281
1658429
1495942
1538465
1760488
1911260
1520964
1211716
2017962
2601320
1382502
1288784
1047364
1229857
1165121
1059868
971352
898450
1064470
1097937
930120
1000484
840434
862270
842500
356321
329810
1092716
1158228
954410
836614
698497
875966
468450
1262830
678942
761041
838585
865865
788130
1011898
733312
979996
686365
551956
533849
561589
759018
600957
726572
870592
783076
810545
980825
880866
980894
844124
764316
889230
78686
1130918
1272062
809249
848341
851037
668158
700078
648137
539520
489004
498760
394368
635953
427316
168500
131966
805342
447086
450232
514936
311388
75038
22017
10000
529049
902526
654229
557856
419210
343740
93461
10000
972357
392268
457421
380585
10000
433606
112333
573798
52122
589974
330709
115478
10000
240393
434056
214332
31902
430910
145584
245336
231856
361497
812861
294529
340577
533808
550684
418528
372497
444390
386426
361713
286009
275208
96606
10000
925065
342504
159962
221521
13030
485729
52122
554261
405065
479438
528416
442153
487966
401038
298124
205794
181081
526618
595816
581221
632428
949018
1271704
1190849
840972
1030052
1001409
1432214
471082
1214997
1187389
889429
1176804
1135042
724541
750933
1510768
1441012
946734
1001842
1120810
1065377
1022916
1057946
1129194
1057926
985778
1271222
1381968
1327356
1312201
673109
1300370
1459869
1215652
1383825
1399613
1243150
1315880
1285621
1175290
1112584
1186102
1159382
1002010
753301
792641
664546
726122
878446
832614
957072
912492
917918
739940
727314
874852
567321
1124189
1496374
1122285
1158250
1061740
859574
894969
997728
892720
822729
953036
787465
178152
882940
1097609
648949
831050
923146
862953
943816
1053626
984549
1049193
963837
985206
1002454
967360
1061189
1095172
1104677
1137262
1128060
1143769
1132182
1124612
1146006
1116162
1064901
1054037
1234417
1439094
1127809
1147285
1134566
1151874
1236781
1089305
1145445
1097972
1079237
1265133
1118837
1244241
1258098
1387541
1372144
1372160
1455398
1414268
1396977
1418778
1276557
1527498
648904
1797040
1203464
1192264
1783636
1229038
1184892
1200618
1156868
926236
1413073
1610098
1416013
1412678
1427574
1403250
1416532
1411805
1339678
1188037
1045893
1109889
1096398
1213354
1208196
1113897
1085789
974188
924166
963482
869676
827041
810381
595297
652501
227509
901120
192108
854632
462364
273194
10000
478090
1085641
952534
906538
876001
834377
1006697
925965
989240
942865
1029708
1013142
1276158
1451294
1161077
1209821
1147605
1275286
906989
1238897
1201897
1189946
1146336
1061688
701548
793740
1108149
565494
195226
4942
961212
739718
1737876
1466056
1668650
1798597
1443840
2080768
2281472
1798072
1189166
930764
875325
732862
591392
751562
884840
869010
997070
913668
1111220
1190092
1061558
966282
984489
762518
331322
817873
1249345
1105360
766078
1091033
940886
1073906
1252741
886993
1159141
988516
1056668
968605
873100
1160809
1010342
895970
838006
760721
598988
852808
414734
471350
480786
448434
10000
928106
135465
931468
433157
405981
127826
376317
439672
565261
365757
391818
333854
247582
516517
629732
509993
401704
539200
611093
611992
450534
483180
701409
477192
195460
454934
736049
579406
416964
384180
386876
339696
288472
150976
10000
18872
10000
717136
251194
245768
472249
596714
512922
454916
588004
525918
521564
580218
692673
597345
939789
974781
1117098
855081
258798
1101618
204965
1452322
956570
869641
866185
874120
925710
1047041
814304
779394
779342
686581
1311565
904361
944684
784536
870808
656545
779757
520094
479438
610194
682537
843892
826081
822496
786817
809646
746558
742506
810860
730378
776214
646141
830817
832165
893957
219773
728412
1414625
798016
819584
751285
703206
665082
673032
677145
10000
1487181
328574
326236
935941
888401
475325
539234
581402
830049
987504
1095025
1100505
1128361
1160221
1079100
968961
876900
910566
673981
371452
143034
2048
519628
760272
286225
80430
4942
436302
244886
661868
440580
475178
537385
557856
593569
976168
913309
993514
872337
1946785
1170212
2368853
2182076
1924130
1774684
1177906
1581056
2297533
1460613
1151836
1025154
965193
333353
398109
632661
78633
1764532
1372264
1273982
1382286
1124222
1222169
994357
935062
711217
495260
692405
502605
855729
619630
124016
449
97505
261512
475394
416082
392268
517450
389304
239494
39541
460117
72792
1377692
1449877
1578314
1962390
1497322
1094109
970326
861522
897833
609296
688552
698773
619630
596032
787914
842517
811928
705108
709609
643186
571361
627718
543693
580158
595746
1797
1135085
807598
715788
719382
819584
839138
959093
857898
931562
953934
1121804
1269493
1341764
1172282
2407082
1920690
1366698
1456810
2503338
2672640
2410772
1938972
1798052
1975637
2138161
2152884
1800872
1587200
2116949
2044017
1617398
1019780
558494
1328469
983424
593633
554862
430461
247366
90082
10000
612890
266904
236349
310489
613340
525970
443690
380585
446188
523473
274542
90765
10000
304198
217593
499093
301502
320824
336550
162658
192661
860126
585930
360365
647276
544356
517632
474945
405298
538750
471800
414734
478090
477641
511341
346885
282630
798465
407545
585032
578058
446637
442593
10000
919768
580106
226464
10000
563162
749789
225116
10000
909684
401704
457870
360814
398558
426417
441245
481072
492660
461309
400934
382832
441712
429096
465077
425501
360814
96606
10000
26960
10000
1222186
330709
316780
346885
400140
522662
685413
370574
978272
873054
759373
514288
734246
1095285
1169701
1225882
1119738
1291528
823648
658273
1028524
1180900
1323684
1459205
1587412
1617046
1532341
1284613
1152477
1032264
1273660
1044700
1483249
1236254
1622372
2062990
1482281
1658429
1495942
1538465
1760488
1911260
1520964
1211716
2017962
2601320
1382502
1288784
1047364
1229857
1165121
1059868
971352
898450
1064470
1097937
930120
1000484
840434
862270
842500
356321
329810
1092716
1158228
954410
836614
698497
875966
468450
1262830
678942
761041
838585
865865
788130
1011898
733312
979996
686365
551956
533849
561589
759018
600957
726572
870592
783076
810545
980825
880866
980894
844124
764316
889230
78686
1130918
1272062
809249
848341
851037
668158
700078
648137
539520
489004
498760
394368
635953
427316
168500
131966
805342
447086
450232
514936
311388
75038
22017
10000
529049
902526
654229
557856
419210
343740
93461
10000
972357
392268
457421
380585
10000
433606
112333
573798
52122
589974
330709
115478
10000
240393
434056
214332
31902
430910
145584
245336
231856
361497
812861
294529
340577
533808
550684
418528
372497
444390
386426
361713
286009
275208
96606
10000
