752184
1046298
1004458
1474945
1254150
1552601
1247150
1391568
1426184
1464377
1742514
1671969
698264
2438082
1992110
1950340
1677793
1343956
1367321
649286
1359233
201301
1594684
1277904
1413153
1341778
1514184
1245552
1849905
1406276
2325904
1280582
907204
740052
911248
1859990
2053806
1649398
2285093
2005078
1585760
1802742
1235450
1038409
1086038
1561882
1888997
1973256
1934829
1980065
1683833
1982908
1731281
1812394
1569737
1844064
1916270
1878349
1635573
1991445
1524588
1609961
1494033
1169632
1905605
1232521
910349
1288688
1724541
1561433
1583877
1674688
1687912
1462813
1113664
1257234
1070312
1004960
1191830
61109
1864284
1381700
1371072
362006
1027625
175240
336101
415002
495597
583433
637604
800262
1000898
1567490
1969428
1950789
1801144
1448201
1556041
1125978
1683918
1628833
1188936
1171861
1452029
1355621
1468870
1485980
1288653
1021334
969212
1155236
1051889
850372
1463245
1485046
1251784
931526
1467522
1245552
563464
824976
792174
201750
1908604
1286605
2727902
1985293
2020280
1858892
2133884
2000432
1947860
2065136
1995446
2019346
2002229
2008969
1727237
2206226
2002678
1787209
2230496
1612657
1293630
919336
824077
906245
1027002
1339912
1149394
1000665
992577
1263880
1295972
1491176
2135552
2033973
1954150
1966732
1998185
1927208
1789228
1926292
1120637
1835976
1614005
1697132
1750153
1614454
1954600
1577678
2010697
1350696
1402369
1409558
1350828
1555581
1847986
1921798
1418545
1846310
1901129
2028178
1539078
1980894
1832597
1779809
1817553
1824077
1962221
1983357
1957745
1919044
2037630
1723884
1674129
1203314
1614005
1513804
1455840
1216794
939806
1092545
945066
907716
941432
1046185
968141
983546
831033
748140
502804
1038858
1017740
872605
885186
1247254
1309452
1756677
1597017
1741745
1542112
1772620
1625238
1400122
1238362
1043801
1360581
1318793
1532226
1385294
2234085
1689744
1360330
1744096
1788113
1714206
1465725
1963586
1817493
1800538
1744761
1330044
980428
531112
610194
864966
1366224
1504117
1393832
1441910
1478142
923993
573133
760038
701858
722761
763417
881574
1032801
1063338
1403968
1335384
1134618
1023978
1093012
987864
1522328
1254089
1174904
1305416
1157482
1169165
1051889
1054801
812178
876182
928772
1025612
1106924
999766
953036
985837
914842
719382
969212
879345
814641
920234
1170962
980445
385528
1493134
433606
1243754
1584798
1139060
1406413
1348898
1271181
1204645
933265
1523240
1215896
1054369
1046713
1321938
1516949
1286994
1091776
1188486
1261278
1200869
1038158
1268018
944498
1147830
906970
1022233
1152090
1203314
1204213
1727306
1186182
2210474
2087153
2000881
1822945
1273860
122954
2484976
1543460
1640516
1709420
1653641
1800228
1594684
1817622
1525417
1586250
1836321
1809465
1697581
1815989
1688120
1522582
1485349
1710992
1312037
1494265
1798820
1962566
1630596
1417646
2422356
1957296
1858886
2182884
2012996
2004026
1999766
1987617
2018638
2013445
1936626
2056866
1992344
2005556
2001996
2005392
1972556
2003361
1658256
1469320
1489160
1941266
1915058
1788796
1525936
1926741
1523689
1623890
1642546
1490508
1691238
1778193
1944265
1958644
2047733
1579001
1863669
2018526
1873598
2057048
1978009
1601596
1989648
1702074
1305996
1952353
1621194
1805870
1747008
2050757
1853725
1949881
1857544
1900680
1312054
1398404
1817473
1953485
1979080
1698030
1962688
1498526
1908768
1996837
1676912
1489090
1832830
1531328
1855314
1735412
1370362
1502406
1883086
1665030
1684438
1447613
1616701
1481176
1478133
1637820
1372048
1194596
1040154
568856
407994
695568
886085
800496
811262
700061
637154
710396
585481
462364
486178
239944
10000
332506
571102
663665
412937
469553
507746
450681
673550
646141
665013
489324
496377
520248
434721
476293
555609
570869
621644
589974
568960
550545
496513
490672
475844
328013
10000
1102664
492918
538301
490222
459668
17074
1042453
581437
546838
474496
425069
461016
421025
469104
452478
588626
184676
10000
888781
472249
439448
345088
170297
10000
1222636
465509
376990
468205
586380
484830
492918
555376
512689
464610
535605
594917
256569
560768
470452
280384
212085
624573
345088
718484
663216
487310
523689
427765
540997
605252
297908
290269
303749
404849
484830
435853
429236
582213
531112
558072
175240
751432
782592
933378
1054472
1030770
1259481
752184
1046298
1004458
1474945
1254150
1552601
1247150
1391568
1426184
1464377
1742514
1671969
698264
2438082
1992110
1950340
1677793
1343956
1367321
649286
1359233
201301
1594684
1277904
1413153
1341778
1514184
1245552
1849905
1406276
2325904
1280582
907204
740052
911248
1859990
2053806
1649398
2285093
2005078
1585760
1802742
1235450
1038409
1086038
1561882
1888997
1973256
1934829
1980065
1683833
1982908
1731281
1812394
1569737
1844064
1916270
1878349
1635573
1991445
1524588
1609961
1494033
1169632
1905605
1232521
910349
1288688
1724541
1561433
1583877
1674688
1687912
1462813
1113664
1257234
1070312
1004960
1191830
61109
1864284
1381700
1371072
362006
1027625
175240
336101
415002
495597
583433
637604
800262
1000898
1567490
1969428
1950789
1801144
1448201
1556041
1125978
1683918
1628833
1188936
1171861
1452029
1355621
1468870
1485980
1288653
1021334
969212
1155236
1051889
850372
1463245
1485046
1251784
931526
1467522
1245552
563464
824976
792174
201750
1908604
1286605
2727902
1985293
2020280
1858892
2133884
2000432
1947860
2065136
1995446
2019346
2002229
2008969
1727237
2206226
2002678
1787209
2230496
1612657
1293630
919336
824077
906245
1027002
1339912
1149394
1000665
992577
1263880
1295972
1491176
2135552
2033973
1954150
1966732
1998185
1927208
1789228
1926292
1120637
1835976
1614005
1697132
1750153
1614454
1954600
1577678
2010697
1350696
1402369
1409558
1350828
1555581
1847986
1921798
1418545
1846310
1901129
2028178
1539078
1980894
1832597
1779809
1817553
1824077
1962221
1983357
1957745
1919044
2037630
1723884
1674129
1203314
1614005
1513804
1455840
1216794
939806
1092545
945066
907716
941432
1046185
968141
983546
831033
748140
502804
1038858
1017740
872605
885186
1247254
1309452
1756677
1597017
1741745
1542112
1772620
1625238
1400122
1238362
1043801
1360581
1318793
1532226
1385294
2234085
1689744
1360330
1744096
1788113
1714206
1465725
1963586
1817493
1800538
1744761
1330044
980428
531112
610194
864966
1366224
1504117
1393832
1441910
1478142
923993
573133
760038
701858
722761
763417
881574
1032801
1063338
1403968
1335384
1134618
1023978
1093012
987864
1522328
1254089
1174904
1305416
1157482
1169165
1051889
1054801
812178
876182
928772
1025612
1106924
999766
953036
985837
914842
719382
969212
879345
814641
920234
1170962
980445
385528
1493134
433606
1243754
1584798
1139060
1406413
1348898
1271181
1204645
933265
1523240
1215896
1054369
1046713
1321938
1516949
1286994
1091776
1188486
1261278
1200869
1038158
1268018
944498
1147830
906970
1022233
1152090
1203314
1204213
1727306
1186182
2210474
2087153
2000881
1822945
1273860
122954
2484976
1543460
1640516
1709420
1653641
1800228
1594684
1817622
1525417
1586250
1836321
1809465
1697581
1815989
1688120
1522582
1485349
1710992
1312037
1494265
1798820
1962566
1630596
1417646
2422356
1957296
1858886
2182884
2012996
2004026
1999766
1987617
2018638
2013445
1936626
2056866
1992344
2005556
2001996
2005392
1972556
2003361
1658256
1469320
1489160
1941266
1915058
1788796
1525936
1926741
1523689
1623890
1642546
1490508
1691238
1778193
1944265
1958644
2047733
1579001
1863669
2018526
1873598
2057048
1978009
1601596
1989648
1702074
1305996
1952353
1621194
1805870
1747008
2050757
1853725
1949881
1857544
1900680
1312054
1398404
1817473
1953485
1979080
1698030
1962688
1498526
1908768
1996837
1676912
1489090
1832830
1531328
1855314
1735412
1370362
1502406
1883086
1665030
1684438
1447613
1616701
1481176
1478133
1637820
1372048
1194596
1040154
568856
407994
695568
886085
800496
811262
700061
637154
710396
585481
462364
486178
239944
10000
332506
571102
663665
412937
469553
507746
450681
673550
646141
665013
489324
496377
520248
434721
476293
555609
570869
621644
589974
568960
550545
496513
490672
475844
328013
10000
1102664
492918
538301
490222
459668
17074
1042453
581437
546838
474496
425069
461016
421025
469104
452478
588626
184676
10000
888781
472249
439448
345088
170297
10000
1222636
465509
376990
468205
586380
484830
492918
555376
512689
464610
535605
594917
256569
560768
470452
280384
212085
624573
345088
718484
663216
487310
523689
427765
540997
605252
297908
290269
303749
404849
484830
435853
429236
582213
531112
558072
175240
751432
782592
933378
1054472
1030770
1259481
752184
1046298
1004458
1474945
1254150
1552601
1247150
1391568
1426184
1464377
1742514
1671969
698264
2438082
1992110
