1172345
1779982
1944337
2046472
2506752
2746581
2353954
2600960
2075221
2162130
2098786
843776
2032298
2776320
1941324
1775217
1209238
2377728
2469937
2029804
2105296
1085440
1966762
1985877
2976426
2243285
1906612
1606074
914773
2494464
2849450
2584472
828757
2450773
2673322
1340757
2625536
2655573
2323556
2104164
873130
1429504
2821461
2595498
2748416
2148840
1269760
1138688
2132650
2828288
2073954
1778026
2152977
448838
585728
801450
2304682
2749098
2195362
1101824
2344602
1365160
1015044
810148
773960
989224
574248
1033761
880378
708618
1060258
523956
2139877
1088980
1653053
1427114
1443630
1805049
1360837
1004369
866641
996162
1466592
1719560
1413120
1702394
1593336
2223934
1439317
1126400
2548394
1967518
2023776
2048426
1171222
2111964
1502185
2023282
2004220
1307678
1969209
1195226
857501
596093
1123332
602556
440346
458769
873813
1819989
1076138
785020
727418
1099501
1206773
872453
1571978
1439741
693321
578218
1148245
1980086
1038081
1359112
1149478
589824
1327104
2008405
1551057
1030345
1497088
1250112
1192393
1177390
1461681
1364625
1174557
1028524
1163773
1196862
1161238
1290485
1558833
1970061
1250490
1268394
2498560
2732032
2759338
1398453
1294506
1750357
2717386
1834280
1683468
1459541
1867093
2717696
2628085
2187444
835584
1851392
2633045
2729301
2559317
1131861
1805653
2670592
2568874
2567509
1694378
1194666
2713600
2585941
2478762
1409024
1242453
2726570
2635776
2710869
1843200
1350314
2459648
2706773
1881085
1454529
1037653
1615189
2542933
2770944
1282048
1197397
2099882
2543616
2576384
1731242
1030826
2488320
2550442
2549077
1824768
1138688
2368170
2430976
2393429
1591978
1168042
2482858
2569557
2605738
1576960
1009664
2374997
2441898
2495829
2037760
1092266
2220032
2482176
2422101
1828864
907946
2405034
2426880
2584576
1604266
1217877
2555904
1559544
1310297
891965
957017
1048518
1224521
852505
1065550
1938997
1578234
2001382
1037722
1883277
1142784
2067797
2581845
1866708
1133730
1359872
1042650
1124682
1113230
962688
999766
836973
1002597
813794
776501
997414
1005608
1006126
951169
867213
577134
1150008
818097
1044356
508306
614166
1498149
1164222
947644
868561
803209
988456
1032844
709048
852402
946581
1026642
951918
1209778
762901
1012241
894622
975840
927226
1098385
961218
874852
712193
901812
899116
992577
781840
790826
644396
897266
1067166
1177282
1173180
1003810
456972
959146
1085478
1507458
1126824
769129
466193
827834
807849
873029
864093
847972
852754
918437
897318
952586
672912
653969
737805
821381
574930
633326
444840
625022
589076
1630173
1820236
2149034
1820184
2637824
2617296
2050730
1358506
1845930
1876697
1138161
1053509
1334942
1247622
1457304
1535852
1343956
931018
791129
706498
1620204
1889524
1514154
2573653
2583294
2199620
2122890
991232
1781760
2364074
2376362
2621440
1025365
1658880
2535424
2611882
2691072
1344170
1419264
2753877
2553856
2570240
1590613
1634986
2365440
2521088
2603008
1425408
987136
2426197
2513578
2408448
1466368
152917
1706666
2172245
1848661
1028096
1074517
2221397
2693802
2481493
1613141
1198762
2577749
2763434
2505386
2075306
1380352
2099882
2509482
2524501
1643861
942762
2532693
2665130
1594634
1082444
1121985
1258756
914721
876917
554606
452928
1267328
1503465
1713873
1372998
1633102
1580140
1594234
1594996
1261460
1712810
1650000
1438954
1647730
1377972
1632256
1353888
1299836
1506850
1427122
1191441
1165674
1222809
1327073
1094801
1406929
1366026
1405630
2401666
2078154
1402880
2633728
2695168
1172345
1779982
1944337
2046472
2506752
2746581
2353954
2600960
2075221
2162130
2098786
843776
2032298
2776320
1941324
1775217
1209238
2377728
2469937
2029804
2105296
1085440
1966762
1985877
2976426
2243285
1906612
1606074
914773
2494464
2849450
2584472
828757
2450773
2673322
1340757
2625536
2655573
2323556
2104164
873130
1429504
2821461
2595498
2748416
2148840
1269760
1138688
2132650
2828288
2073954
1778026
2152977
448838
585728
801450
2304682
2749098
2195362
1101824
2344602
1365160
1015044
810148
773960
989224
574248
1033761
880378
708618
1060258
523956
2139877
1088980
1653053
1427114
1443630
1805049
1360837
1004369
866641
996162
1466592
1719560
1413120
1702394
1593336
2223934
1439317
1126400
2548394
1967518
2023776
2048426
1171222
2111964
1502185
2023282
2004220
1307678
1969209
1195226
857501
596093
1123332
602556
440346
458769
873813
1819989
1076138
785020
727418
1099501
1206773
872453
1571978
1439741
693321
578218
1148245
1980086
1038081
1359112
1149478
589824
1327104
2008405
1551057
1030345
1497088
1250112
1192393
1177390
1461681
1364625
1174557
1028524
1163773
1196862
1161238
1290485
1558833
1970061
1250490
1268394
2498560
2732032
2759338
1398453
1294506
1750357
2717386
1834280
1683468
1459541
1867093
2717696
2628085
2187444
835584
1851392
2633045
2729301
2559317
1131861
1805653
2670592
2568874
2567509
1694378
1194666
2713600
2585941
2478762
1409024
1242453
2726570
2635776
2710869
1843200
1350314
2459648
2706773
1881085
1454529
1037653
1615189
2542933
2770944
1282048
1197397
2099882
2543616
2576384
1731242
1030826
2488320
2550442
2549077
1824768
1138688
2368170
2430976
2393429
1591978
1168042
2482858
2569557
2605738
1576960
1009664
2374997
2441898
2495829
2037760
1092266
2220032
2482176
2422101
1828864
907946
2405034
2426880
2584576
1604266
1217877
2555904
1559544
1310297
891965
957017
1048518
1224521
852505
1065550
1938997
1578234
2001382
1037722
1883277
1142784
2067797
2581845
1866708
1133730
1359872
1042650
1124682
1113230
962688
999766
836973
1002597
813794
776501
997414
1005608
1006126
951169
867213
577134
1150008
818097
1044356
508306
614166
1498149
1164222
947644
868561
803209
988456
1032844
709048
852402
946581
1026642
951918
1209778
762901
1012241
894622
975840
927226
1098385
961218
874852
712193
901812
899116
992577
781840
790826
644396
897266
1067166
1177282
1173180
1003810
456972
959146
1085478
1507458
1126824
769129
466193
827834
807849
873029
864093
847972
852754
918437
897318
952586
672912
653969
737805
821381
574930
633326
444840
625022
589076
1630173
1820236
2149034
1820184
2637824
2617296
2050730
1358506
1845930
1876697
1138161
1053509
1334942
1247622
1457304
1535852
1343956
931018
791129
706498
1620204
1889524
1514154
2573653
2583294
2199620
2122890
991232
1781760
2364074
2376362
2621440
1025365
1658880
2535424
2611882
2691072
1344170
1419264
2753877
2553856
2570240
1590613
1634986
2365440
2521088
2603008
1425408
987136
2426197
2513578
2408448
1466368
152917
1706666
2172245
1848661
1028096
1074517
2221397
2693802
2481493
1613141
1198762
2577749
2763434
2505386
2075306
1380352
2099882
2509482
2524501
1643861
942762
2532693
2665130
1594634
1082444
1121985
1258756
914721
876917
554606
452928
1267328
1503465
1713873
1372998
1633102
1580140
1594234
1594996
1261460
1712810
1650000
1438954
1647730
1377972
1632256
1353888
1299836
1506850
1427122
1191441
1165674
1222809
1327073
1094801
1406929
1366026
1405630
2401666
2078154
1402880
2633728
2695168
1172345
1779982
1944337
2046472
2506752
2746581
2353954
2600960
2075221
2162130
2098786
843776
2032298
2776320
1941324
1775217
1209238
2377728
2469937
2029804
2105296
1085440
1966762
1985877
2976426
2243285
1906612
1606074
914773
2494464
2849450
2584472
828757
2450773
2673322
1340757
2625536
2655573
2323556
2104164
873130
1429504
2821461
2595498
2748416
2148840
1269760
1138688
2132650
2828288
2073954
1778026
2152977
448838
585728
801450
2304682
2749098
2195362
1101824
2344602
1365160
1015044
810148
773960
989224
574248
1033761
880378
708618
1060258
523956
2139877
1088980
1653053
1427114
1443630
1805049
1360837
1004369
866641
996162
1466592
1719560
1413120
1702394
1593336
2223934
1439317
1126400
2548394
1967518
2023776
2048426
1171222
2111964
1502185
2023282
2004220
1307678
1969209
1195226
857501
596093
1123332
602556
440346
458769
873813
1819989
1076138
785020
727418
1099501
1206773
872453
1571978
1439741
693321
578218
1148245
1980086
1038081
1359112
1149478
589824
1327104
2008405
1551057
1030345
1497088
1250112
1192393
1177390
1461681
1364625
1174557
1028524
1163773
1196862
1161238
1290485
1558833
1970061
1250490
1268394
2498560
2732032
2759338
1398453
1294506
1750357
2717386
1834280
1683468
1459541
1867093
2717696
2628085
2187444
835584
1851392
2633045
2729301
2559317
1131861
1805653
2670592
2568874
2567509
1694378
1194666
2713600
2585941
2478762
1409024
1242453
2726570
2635776
2710869
1843200
1350314
2459648
2706773
1881085
1454529
1037653
1615189
2542933
2770944
1282048
1197397
2099882
2543616
2576384
1731242
1030826
2488320
2550442
2549077
1824768
1138688
2368170
2430976
2393429
1591978
1168042
2482858
2569557
2605738
1576960
1009664
2374997
2441898
2495829
2037760
1092266
2220032
2482176
2422101
1828864
907946
2405034
