872372
1754197
1983806
2023797
2299238
1999317
1676946
1676194
1686668
1669368
1687730
1671036
1689493
1532676
1617600
1707085
1849388
1691740
1667026
1684568
1678294
1682502
1672617
1685320
1678346
1128653
1668437
2240134
1670985
1684601
1326738
1615189
2081152
1688793
1680524
1265938
1789269
1987444
1679374
1304164
744106
1701205
2421418
2219273
1687678
847893
327680
1682090
2432341
2453572
1633326
1130522
1127394
1086920
1274309
957978
888332
873953
664114
549085
509094
469104
371149
295212
201301
8537
10000
10000
10000
1565045
1699033
1640594
1680073
1653201
1698040
1697357
1484474
1881358
1632730
1704633
1680108
1698905
1144101
1753088
2132276
1659128
1272269
1556804
1615872
2295330
1657789
1681137
1480908
1172821
1712892
909900
1392640
2125640
1561882
1605917
1634026
801538
2375896
1418329
1027672
1609016
980634
1222213
1049642
953269
818002
918886
984938
1028481
1030813
959776
994374
988136
973653
980445
921393
880086
1068412
1016392
1139060
1057921
965277
1241208
1143156
751682
1166020
1041749
1329832
983928
928608
934129
971372
993424
996008
1036326
1015942
863636
1277005
1163376
1144382
1082893
1309416
1468968
1337328
1291453
1456850
1380348
1605632
1717192
1678493
1188674
683017
446464
1811114
2628266
1485042
1176028
1309354
1419614
1216926
1033466
1041449
1137817
810234
811625
555678
1372065
1491233
1366906
1318758
1329577
1370618
1219925
1787760
2049694
2396657
1982234
1035605
2334037
2037660
1584341
1287949
1075102
752172
1932862
1676194
1657472
1512789
1869461
1679608
1683920
1559481
1020586
2454660
1679608
1680057
1570646
1336661
1905322
1910294
1674665
1679608
1123394
2235372
1673705
1686409
1678709
1060864
2073258
1903569
1678977
1637552
1105085
1467114
985837
323969
1565926
1243958
1447349
1430426
881808
330260
287124
684568
544592
262860
872372
1754197
1983806
2023797
2299238
1999317
1676946
1676194
1686668
1669368
1687730
1671036
1689493
1532676
1617600
1707085
1849388
1691740
1667026
1684568
1678294
1682502
1672617
1685320
1678346
1128653
1668437
2240134
1670985
1684601
1326738
1615189
2081152
1688793
1680524
1265938
1789269
1987444
1679374
1304164
744106
1701205
2421418
2219273
1687678
847893
327680
1682090
2432341
2453572
1633326
1130522
1127394
1086920
1274309
957978
888332
873953
664114
549085
509094
469104
371149
295212
201301
8537
10000
10000
10000
1565045
1699033
1640594
1680073
1653201
1698040
1697357
1484474
1881358
1632730
1704633
1680108
1698905
1144101
1753088
2132276
1659128
1272269
1556804
1615872
2295330
1657789
1681137
1480908
1172821
1712892
909900
1392640
2125640
1561882
1605917
1634026
801538
2375896
1418329
1027672
1609016
980634
1222213
1049642
953269
818002
918886
984938
1028481
1030813
959776
994374
988136
973653
980445
921393
880086
1068412
1016392
1139060
1057921
965277
1241208
1143156
751682
1166020
1041749
1329832
983928
928608
934129
971372
993424
996008
1036326
1015942
863636
1277005
1163376
1144382
1082893
1309416
1468968
1337328
1291453
1456850
1380348
1605632
1717192
1678493
1188674
683017
446464
1811114
2628266
1485042
1176028
1309354
1419614
1216926
1033466
1041449
1137817
810234
811625
555678
1372065
1491233
1366906
1318758
1329577
1370618
1219925
1787760
2049694
2396657
1982234
1035605
2334037
2037660
1584341
1287949
1075102
752172
1932862
1676194
1657472
1512789
1869461
1679608
1683920
1559481
1020586
2454660
1679608
1680057
1570646
1336661
1905322
1910294
1674665
1679608
1123394
2235372
1673705
1686409
1678709
1060864
2073258
1903569
1678977
1637552
1105085
1467114
985837
323969
1565926
1243958
1447349
1430426
881808
330260
287124
684568
544592
262860
872372
1754197
1983806
2023797
2299238
1999317
1676946
1676194
1686668
1669368
1687730
1671036
1689493
1532676
1617600
1707085
1849388
1691740
1667026
1684568
1678294
1682502
1672617
1685320
1678346
1128653
1668437
2240134
1670985
1684601
1326738
1615189
2081152
1688793
1680524
1265938
1789269
1987444
1679374
1304164
744106
1701205
2421418
2219273
1687678
847893
327680
1682090
2432341
2453572
1633326
1130522
1127394
1086920
1274309
957978
888332
873953
664114
549085
509094
469104
371149
295212
201301
8537
10000
10000
10000
1565045
1699033
1640594
1680073
1653201
1698040
1697357
1484474
1881358
1632730
1704633
1680108
1698905
1144101
1753088
2132276
1659128
1272269
1556804
1615872
2295330
1657789
1681137
1480908
1172821
1712892
909900
1392640
2125640
1561882
1605917
1634026
801538
2375896
1418329
1027672
1609016
980634
1222213
1049642
953269
818002
918886
984938
1028481
1030813
959776
994374
988136
973653
980445
921393
880086
1068412
1016392
1139060
1057921
965277
1241208
1143156
751682
1166020
1041749
1329832
983928
928608
934129
971372
993424
996008
1036326
1015942
863636
1277005
1163376
1144382
1082893
1309416
1468968
1337328
1291453
1456850
1380348
1605632
1717192
1678493
1188674
683017
446464
1811114
2628266
1485042
1176028
1309354
1419614
1216926
1033466
1041449
1137817
810234
811625
555678
1372065
1491233
1366906
1318758
1329577
1370618
1219925
1787760
2049694
2396657
1982234
1035605
2334037
2037660
1584341
1287949
1075102
752172
1932862
1676194
1657472
1512789
1869461
1679608
1683920
1559481
1020586
2454660
1679608
1680057
1570646
1336661
1905322
1910294
1674665
1679608
1123394
2235372
1673705
1686409
1678709
1060864
2073258
1903569
1678977
1637552
1105085
1467114
985837
323969
1565926
1243958
1447349
1430426
881808
330260
287124
684568
544592
262860
872372
1754197
1983806
2023797
2299238
1999317
1676946
1676194
1686668
1669368
1687730
1671036
1689493
1532676
1617600
1707085
1849388
1691740
1667026
1684568
1678294
1682502
1672617
1685320
1678346
1128653
1668437
2240134
1670985
1684601
1326738
1615189
2081152
1688793
1680524
1265938
1789269
1987444
1679374
1304164
744106
1701205
2421418
2219273
1687678
847893
327680
1682090
2432341
2453572
1633326
1130522
1127394
1086920
1274309
957978
888332
873953
664114
549085
509094
469104
371149
295212
201301
8537
10000
10000
10000
1565045
1699033
1640594
1680073
1653201
1698040
1697357
1484474
1881358
1632730
1704633
1680108
1698905
1144101
1753088
2132276
1659128
1272269
1556804
1615872
2295330
1657789
1681137
1480908
1172821
1712892
909900
1392640
2125640
1561882
1605917
1634026
801538
2375896
1418329
1027672
1609016
980634
1222213
1049642
953269
818002
918886
984938
1028481
1030813
959776
994374
988136
973653
980445
921393
880086
1068412
1016392
1139060
1057921
965277
1241208
1143156
751682
1166020
1041749
1329832
983928
928608
934129
971372
993424
996008
1036326
1015942
863636
1277005
1163376
1144382
1082893
1309416
1468968
1337328
1291453
1456850
1380348
1605632
1717192
1678493
1188674
683017
446464
1811114
2628266
1485042
1176028
1309354
1419614
1216926
1033466
1041449
1137817
810234
811625
555678
1372065
1491233
1366906
1318758
1329577
1370618
1219925
1787760
2049694
2396657
1982234
1035605
2334037
2037660
1584341
1287949
1075102
752172
1932862
1676194
1657472
1512789
1869461
1679608
1683920
1559481
1020586
2454660
1679608
1680057
1570646
1336661
1905322
1910294
1674665
1679608
1123394
2235372
1673705
1686409
1678709
1060864
2073258
1903569
1678977
1637552
1105085
1467114
985837
323969
1565926
1243958
1447349
1430426
881808
330260
287124
684568
544592
262860
872372
1754197
1983806
2023797
2299238
1999317
1676946
1676194
1686668
1669368
1687730
1671036
1689493
1532676
1617600
1707085
1849388
1691740
1667026
1684568
1678294
1682502
1672617
1685320
1678346
1128653
1668437
2240134
1670985
1684601
1326738
1615189
2081152
1688793
1680524
1265938
1789269
1987444
1679374
1304164
744106
1701205
2421418
2219273
1687678
847893
327680
1682090
2432341
2453572
1633326
1130522
1127394
1086920
1274309
957978
888332
873953
664114
549085
509094
469104
371149
295212
201301
8537
10000
10000
10000
1565045
1699033
1640594
1680073
1653201
1698040
1697357
1484474
1881358
1632730
1704633
1680108
1698905
1144101
1753088
2132276
1659128
1272269
1556804
1615872
2295330
1657789
1681137
1480908
1172821
1712892
909900
1392640
2125640
1561882
1605917
1634026
801538
2375896
1418329
1027672
1609016
980634
1222213
1049642
953269
818002
918886
984938
1028481
1030813
959776
994374
988136
973653
980445
921393
880086
1068412
1016392
1139060
1057921
965277
1241208
1143156
751682
1166020
1041749
1329832
983928
928608
934129
971372
993424
996008
1036326
1015942
863636
1277005
1163376
1144382
1082893
1309416
1468968
1337328
1291453
1456850
1380348
1605632
1717192
1678493
1188674
683017
446464
1811114
2628266
1485042
1176028
1309354
1419614
1216926
1033466
1041449
1137817
810234
811625
555678
1372065
1491233
1366906
1318758
1329577
1370618
1219925
1787760
2049694
2396657
