722720
1896753
3415522
3861121
3337501
3149240
3140441
2640126
2629569
2165733
1167360
1712810
2935466
3072682
1958492
333141
1131178
2811904
1553645
2283742
1344170
2189994
2631680
2570240
2512896
1552384
1267029
1709056
1757069
1728397
1133761
2168149
2607720
1578652
1624388
1530538
592554
2603690
2347098
1740656
1961800
953021
707925
1580373
2426880
2497877
1879197
1399940
972378
639401
385822
151130
499658
463712
418690
2000306
1976588
1121597
1164205
805853
538301
464808
1118409
1587097
2447817
2155544
1809921
1648662
1484117
1473277
1463729
1320572
978850
1851542
862128
493960
1512878
1211050
1823593
1293932
1840124
1516372
322973
1523010
1684828
1611834
1663016
1003421
395946
2697898
1718965
1126925
315106
1094901
718312
533530
744221
724105
697909
845680
1090946
895072
724774
738704
606366
634458
658273
837108
758025
663665
290269
311422
655381
816150
680740
669300
963577
940005
972590
731134
1041969
827853
938248
735536
738453
798465
574248
946996
974802
553812
480553
787036
693068
466944
349944
10000
341078
155538
1230336
709837
821325
887001
901909
1134988
342801
1082846
607049
670964
1232697
1010265
1108954
1099968
1148348
1630778
1533082
1373205
1467972
918437
957529
569754
601441
521892
508196
615586
585032
480337
532909
819536
710444
643894
755329
744096
403052
539114
867981
1414669
1186686
865017
508196
496962
320608
1706969
1865893
531364
1297066
2621440
1837670
1932098
917294
2060288
2704725
1849150
1937342
1169992
1528490
2699264
1756332
1313204
1559570
1555114
2531328
2544298
2030844
1177008
947541
1402197
2370218
1653614
992449
1034857
872906
960813
996682
898850
863917
860456
831266
984092
864804
945957
1024030
861564
1036420
892793
989930
785201
996388
1326250
1455457
1435501
1951898
1853989
1072757
1201888
293981
2229217
1566712
1792988
1625984
931490
919336
121069
1640066
514048
913204
1406028
1026493
984040
1551738
886101
1082709
2573653
2430293
2252738
895658
2117632
2504704
2619392
1677873
970752
1938234
1595258
1629929
1752945
1238842
1337034
1541957
1223421
729717
872605
724325
565261
787681
596265
769469
614477
809249
1442458
1722753
1484800
1773436
1002900
1402369
1946512
1012348
1316417
1008882
1216812
1436052
1234434
1391469
1004709
948992
1000665
975053
854494
803096
684784
668444
605632
568406
523214
482842
507297
216129
644344
441245
486178
243538
194561
258366
234552
189618
97056
104694
173442
289370
578292
995722
427316
7638
1378572
884521
1700545
1357086
1231502
1143088
1714917
1577168
1466610
1223377
1423606
849870
1002013
885958
1230850
1342841
1097505
1142188
890633
1778874
1605000
2122754
1887109
1353045
1599488
2457193
1894166
1797022
1049941
1313437
1239024
2025573
2273280
1829546
1163264
2482176
1765376
1428138
1757184
692224
593920
2030250
1556480
1704993
899072
2363392
2415274
2052040
961385
1202176
2448725
2375832
1743966
1659562
1097728
2443946
2543616
2478762
1568092
1021269
1707865
1346617
1120240
887901
1675277
1195460
995921
1306910
1204798
1787221
1433354
1370613
1374596
1151982
1455445
1743890
942080
1161898
1145514
1346901
2467157
2590037
1708105
341425
421093
754430
922032
970914
1028974
1073550
280384
631762
382832
465377
1780174
950068
1704753
2329941
1953792
868352
1665706
2381465
2003793
1212517
829440
1893806
1680220
1678044
1249756
1221973
2162712
1786546
1610640
1319033
928426
2405717
1691684
1752149
1341441
1003520
1510500
1001176
1616622
1334070
765214
1760609
1557622
1555842
992122
401553
458121
673300
780941
798914
911248
595816
341044
1055034
1064430
1444646
1373544
1425353
823870
885842
813113
916138
2407082
705232
1384465
953182
1695825
966474
1577674
1228049
1337741
1862246
1329421
1021554
1422818
940904
1501672
1355613
1080222
1141306
787708
1383056
1043992
1292956
1490438
1502880
1754389
1489757
1304961
1487376
1280892
1856853
1781677
1402101
1287730
1136304
1794730
1276261
965634
1009168
722528
10000
4044
2292654
1520901
1172574
1468093
1301140
1056745
799217
772161
670310
1241370
1904032
1562481
1506473
1951744
1951216
1694188
1898517
1309030
1201322
1215122
1577341
1502346
1232142
2093056
2461013
2676053
2356982
1546238
1047893
2498560
2609834
2574336
1972906
1232896
1715541
722720
1896753
3415522
3861121
3337501
3149240
3140441
2640126
2629569
2165733
1167360
1712810
2935466
3072682
1958492
333141
1131178
2811904
1553645
2283742
1344170
2189994
2631680
2570240
2512896
1552384
1267029
1709056
1757069
1728397
1133761
2168149
2607720
1578652
1624388
1530538
592554
2603690
2347098
1740656
1961800
953021
707925
1580373
2426880
2497877
1879197
1399940
972378
639401
385822
151130
499658
463712
418690
2000306
1976588
1121597
1164205
805853
538301
464808
1118409
1587097
2447817
2155544
1809921
1648662
1484117
1473277
1463729
1320572
978850
1851542
862128
493960
1512878
1211050
1823593
1293932
1840124
1516372
322973
1523010
1684828
1611834
1663016
1003421
395946
2697898
1718965
1126925
315106
1094901
718312
533530
744221
724105
697909
845680
1090946
895072
724774
738704
606366
634458
658273
837108
758025
663665
290269
311422
655381
816150
680740
669300
963577
940005
972590
731134
1041969
827853
938248
735536
738453
798465
574248
946996
974802
553812
480553
787036
693068
466944
349944
10000
341078
155538
1230336
709837
821325
887001
901909
1134988
342801
1082846
607049
670964
1232697
1010265
1108954
1099968
1148348
1630778
1533082
1373205
1467972
918437
957529
569754
601441
521892
508196
615586
585032
480337
532909
819536
710444
643894
755329
744096
403052
539114
867981
1414669
1186686
865017
508196
496962
320608
1706969
1865893
531364
1297066
2621440
1837670
1932098
917294
2060288
2704725
1849150
1937342
1169992
1528490
2699264
1756332
1313204
1559570
1555114
2531328
2544298
2030844
1177008
947541
1402197
2370218
1653614
992449
1034857
872906
960813
996682
898850
863917
860456
831266
984092
864804
945957
1024030
861564
1036420
892793
989930
785201
996388
1326250
1455457
1435501
1951898
1853989
1072757
1201888
293981
2229217
1566712
1792988
1625984
931490
919336
121069
1640066
514048
913204
1406028
1026493
984040
1551738
886101
1082709
2573653
2430293
2252738
895658
2117632
2504704
2619392
1677873
970752
1938234
1595258
1629929
1752945
1238842
1337034
1541957
1223421
729717
872605
724325
565261
787681
596265
769469
614477
809249
1442458
1722753
1484800
1773436
1002900
1402369
1946512
1012348
1316417
1008882
1216812
1436052
1234434
1391469
1004709
948992
1000665
975053
854494
803096
684784
668444
605632
568406
523214
482842
507297
216129
644344
441245
486178
243538
194561
258366
234552
189618
97056
104694
173442
289370
578292
995722
427316
7638
1378572
884521
1700545
1357086
1231502
1143088
1714917
1577168
1466610
1223377
1423606
849870
1002013
885958
1230850
1342841
1097505
1142188
890633
1778874
1605000
2122754
1887109
1353045
1599488
2457193
1894166
1797022
1049941
1313437
1239024
2025573
2273280
1829546
1163264
2482176
1765376
1428138
1757184
692224
593920
2030250
1556480
1704993
899072
2363392
2415274
2052040
961385
1202176
2448725
2375832
1743966
1659562
1097728
2443946
2543616
2478762
1568092
1021269
1707865
1346617
1120240
887901
1675277
1195460
995921
1306910
1204798
1787221
1433354
1370613
1374596
1151982
1455445
1743890
942080
1161898
1145514
1346901
2467157
2590037
1708105
341425
421093
754430
922032
970914
1028974
1073550
280384
631762
382832
465377
1780174
950068
1704753
2329941
1953792
868352
1665706
2381465
2003793
1212517
829440
1893806
1680220
1678044
1249756
1221973
2162712
1786546
1610640
1319033
928426
2405717
1691684
1752149
1341441
1003520
1510500
1001176
1616622
1334070
765214
1760609
1557622
1555842
992122
401553
458121
673300
780941
798914
911248
595816
341044
1055034
1064430
1444646
1373544
1425353
823870
885842
813113
916138
2407082
705232
1384465
953182
1695825
966474
1577674
1228049
1337741
1862246
1329421
1021554
1422818
940904
1501672
1355613
1080222
1141306
787708
1383056
1043992
1292956
1490438
1502880
1754389
1489757
1304961
1487376
1280892
1856853
1781677
1402101
1287730
1136304
1794730
1276261
965634
1009168
722528
10000
4044
2292654
1520901
1172574
1468093
1301140
1056745
799217
772161
670310
1241370
1904032
1562481
1506473
1951744
1951216
1694188
1898517
1309030
1201322
1215122
1577341
1502346
1232142
2093056
2461013
2676053
2356982
1546238
1047893
2498560
2609834
2574336
1972906
1232896
1715541
722720
1896753
3415522
3861121
3337501
3149240
3140441
2640126
2629569
2165733
1167360
1712810
2935466
3072682
1958492
333141
1131178
2811904
1553645
