200618
351378
291617
335652
190966
10000
668746
861250
804289
817337
839804
554028
766562
1007422
1230154
1637240
1551098
1438765
654229
816888
372048
557173
795320
1369698
1309226
1206909
1330476
1414950
1430012
1271829
1447113
1122209
1026840
143360
1536558
913917
1014594
893128
838810
935157
771954
931018
914688
953640
884288
658092
962204
764221
528744
649770
673282
711304
644077
717186
884296
966550
1104660
1081442
1120956
1096840
1011796
1103181
1095241
1067832
1130722
1229634
1206900
987229
1071616
1123705
980522
729717
1021985
1203468
1523550
1534922
1445678
1477737
1185704
1383081
1478894
1444780
1505404
1337394
1612162
1517714
1162874
837298
1350314
1923390
2265369
2265216
1749453
1255162
1643178
1805616
1098506
152324
186480
1825738
1213450
1043137
1113126
1046226
985408
796650
850138
831266
960234
765205
596265
576494
610194
638952
648474
724688
884072
887589
966360
1133884
937542
864440
788208
578292
614238
818685
591772
404400
810148
860024
653901
675676
976401
450329
1210368
1692012
1275744
1359933
1160484
1596072
1539398
1494000
1501938
1450398
1267834
1165640
936341
591538
449782
390470
1016392
1044052
942900
878724
975225
988084
1011449
903393
768593
771937
821416
782254
879794
842050
862270
902261
877530
900464
789682
770852
833962
549534
1323774
1201356
1163662
1210124
1205492
1625326
1504916
1924437
1809353
1762381
1864984
1407118
1364650
2524501
1876428
1901924
1786033
1306624
2123093
2543616
2208338
1839701
1039018
2041173
2103821
1676585
966720
1519616
2435754
2629632
2510102
1740020
1400832
1787221
2499112
1405634
1493408
1163264
1873237
1986349
1827861
1666420
1080944
747550
131205
1529530
569344
1775277
1182464
1249328
1115064
1152574
1353089
1083792
728369
1332041
1418762
1458858
1569429
1247324
1198052
911316
783701
985770
2628949
2112202
1905240
1168725
1738069
1112746
2560000
2377045
1064960
2110805
2495829
2635093
2521800
1039018
1693013
2742954
2626901
2352469
1155754
1821354
2632362
2592085
1906994
1168725
1199445
2562048
2655573
2034120
1066325
1637717
2709504
1903576
1662310
1282618
1611093
2659669
2645160
2128933
1329136
1367381
2568192
2565461
2544981
1167370
1080661
2242292
1592100
1669166
1234722
1247933
395810
1614005
759174
1102133
1534722
1558338
1580268
1661634
1402068
1784920
2128130
1964472
1965590
1778106
1179648
2295125
2344345
1794513
1794961
1159168
2249229
1603518
1780860
1504281
1365333
2483054
1888468
1775434
1822585
909312
2756608
2629800
2236116
1552202
492885
1081344
2339498
2712234
1998122
1022634
2363465
1676540
1620724
1676850
1284778
2373069
2105898
1986849
1892060
1198080
2127872
2615978
2575701
2106882
1167360
1825450
2608469
2340074
1214377
1127765
2452138
2422245
1795857
1579156
1132544
2023424
2369845
1581385
1759280
1130496
1890050
2135878
2492254
1498278
1142101
2237098
2120113
1615189
1711188
1138688
2187264
2445994
1956822
1805390
1141418
2095786
2408448
2131968
2207061
1331200
1982464
2508117
2203510
1905834
1146880
1878016
2602325
2391030
1789850
1223338
247125
1777664
2638506
1755254
958194
992577
150976
1296326
10000
263093
1005374
868630
980212
1039022
1019986
1003465
933610
856213
895737
1077072
1401946
1620249
1453529
1617501
1584101
1426773
2486272
2480810
2375696
1845690
1058133
2004309
1976988
2118781
1548248
963925
2450773
2506752
2442581
2170880
1227434
1798826
2704042
2545640
2081913
985088
1702570
2349738
2560682
2733397
1321642
1383765
2581845
2548394
2549077
1529173
1331200
2598229
2529962
2697898
1581056
1485482
2271914
2531328
2523136
1564672
1353045
2516309
2654208
2683562
2009088
1148245
2169514
2585941
2544482
1256730
1189205
2185573
1362657
1252993
1075329
711514
964388
1583313
1011137
687214
315392
1701265
782738
748805
698134
520457
484165
451658
1132906
746342
200618
351378
291617
335652
190966
10000
668746
861250
804289
817337
839804
554028
766562
1007422
1230154
1637240
1551098
1438765
654229
816888
372048
557173
795320
1369698
1309226
1206909
1330476
1414950
1430012
1271829
1447113
1122209
1026840
143360
1536558
913917
1014594
893128
838810
935157
771954
931018
914688
953640
884288
658092
962204
764221
528744
649770
673282
711304
644077
717186
884296
966550
1104660
1081442
1120956
1096840
1011796
1103181
1095241
1067832
1130722
1229634
1206900
987229
1071616
1123705
980522
729717
1021985
1203468
1523550
1534922
1445678
1477737
1185704
1383081
1478894
1444780
1505404
1337394
1612162
1517714
1162874
837298
1350314
1923390
2265369
2265216
1749453
1255162
1643178
1805616
1098506
152324
186480
1825738
1213450
1043137
1113126
1046226
985408
796650
850138
831266
960234
765205
596265
576494
610194
638952
648474
724688
884072
887589
966360
1133884
937542
864440
788208
578292
614238
818685
591772
404400
810148
860024
653901
675676
976401
450329
1210368
1692012
1275744
1359933
1160484
1596072
1539398
1494000
1501938
1450398
1267834
1165640
936341
591538
449782
390470
1016392
1044052
942900
878724
975225
988084
1011449
903393
768593
771937
821416
782254
879794
842050
862270
902261
877530
900464
789682
770852
833962
549534
1323774
1201356
1163662
1210124
1205492
1625326
1504916
1924437
1809353
1762381
1864984
1407118
1364650
2524501
1876428
1901924
1786033
1306624
2123093
2543616
2208338
1839701
1039018
2041173
2103821
1676585
966720
1519616
2435754
2629632
2510102
1740020
1400832
1787221
2499112
1405634
1493408
1163264
1873237
1986349
1827861
1666420
1080944
747550
131205
1529530
569344
1775277
1182464
1249328
1115064
1152574
1353089
1083792
728369
1332041
1418762
1458858
1569429
1247324
1198052
911316
783701
985770
2628949
2112202
1905240
1168725
1738069
1112746
2560000
2377045
1064960
2110805
2495829
2635093
2521800
1039018
1693013
2742954
2626901
2352469
1155754
1821354
2632362
2592085
1906994
1168725
1199445
2562048
2655573
2034120
1066325
1637717
2709504
1903576
1662310
1282618
1611093
2659669
2645160
2128933
1329136
1367381
2568192
2565461
2544981
1167370
1080661
2242292
1592100
1669166
1234722
1247933
395810
1614005
759174
1102133
1534722
1558338
1580268
1661634
1402068
1784920
2128130
1964472
1965590
1778106
1179648
2295125
2344345
1794513
1794961
1159168
2249229
1603518
1780860
1504281
1365333
2483054
1888468
1775434
1822585
909312
2756608
2629800
2236116
1552202
492885
1081344
2339498
2712234
1998122
1022634
2363465
1676540
1620724
1676850
1284778
2373069
2105898
1986849
1892060
1198080
2127872
2615978
2575701
2106882
1167360
1825450
2608469
2340074
1214377
1127765
2452138
2422245
1795857
1579156
1132544
2023424
2369845
1581385
1759280
1130496
1890050
2135878
2492254
1498278
1142101
2237098
2120113
1615189
1711188
1138688
2187264
2445994
1956822
1805390
1141418
2095786
2408448
2131968
2207061
1331200
1982464
2508117
2203510
1905834
1146880
1878016
2602325
2391030
1789850
1223338
247125
1777664
2638506
1755254
958194
992577
150976
1296326
10000
263093
1005374
868630
980212
1039022
1019986
1003465
933610
856213
895737
1077072
1401946
1620249
1453529
1617501
1584101
1426773
2486272
2480810
2375696
1845690
1058133
2004309
1976988
2118781
1548248
963925
2450773
2506752
2442581
2170880
1227434
1798826
2704042
2545640
2081913
985088
1702570
2349738
2560682
2733397
1321642
1383765
2581845
2548394
2549077
1529173
1331200
2598229
2529962
2697898
1581056
1485482
2271914
2531328
2523136
1564672
1353045
2516309
2654208
2683562
2009088
1148245
2169514
2585941
2544482
1256730
1189205
2185573
1362657
1252993
1075329
711514
964388
1583313
1011137
687214
315392
1701265
782738
748805
698134
520457
484165
451658
1132906
746342
200618
351378
291617
335652
190966
10000
668746
861250
804289
817337
839804
554028
766562
1007422
1230154
1637240
1551098
1438765
654229
816888
372048
557173
795320
1369698
1309226
1206909
1330476
1414950
1430012
1271829
1447113
1122209
1026840
143360
1536558
913917
1014594
893128
838810
935157
771954
931018
914688
953640
884288
658092
962204
764221
528744
649770
673282
711304
644077
717186
884296
966550
1104660
1081442
1120956
1096840
1011796
1103181
1095241
1067832
1130722
1229634
1206900
987229
1071616
1123705
980522
729717
1021985
1203468
1523550
1534922
1445678
1477737
1185704
1383081
1478894
1444780
1505404
1337394
1612162
1517714
1162874
837298
1350314
1923390
2265369
2265216
1749453
1255162
1643178
1805616
1098506
152324
186480
1825738
1213450
1043137
1113126
1046226
985408
796650
850138
831266
960234
765205
596265
576494
610194
638952
648474
724688
884072
887589
966360
1133884
937542
864440
788208
578292
614238
818685
591772
404400
810148
860024
653901
675676
976401
450329
1210368
1692012
1275744
1359933
1160484
1596072
1539398
