1081925
1023132
475612
868344
816438
1066268
662766
765664
1048294
1240609
929221
637154
441245
702308
700510
751285
1002462
1358334
2134256
2104754
1790593
1461232
919336
579616
1470692
1125580
1045434
943314
1169165
1743465
1644058
1020710
1983829
1051592
894838
663216
623225
514392
1824972
2164152
2422784
1624746
1514837
2390698
2508800
2436437
1809749
1256106
2312874
2521770
2506752
2065066
836949
2301952
1741293
1525720
1440586
1137322
2424149
2333740
1709713
898961
1274014
1842621
1866786
1783294
1590540
466944
1402197
2623488
2702677
2151082
970752
2228906
2540202
2414592
2415274
1496405
2024106
2647381
2492416
2890410
1243818
1434965
2520405
2575018
2545664
1108650
1840469
2549760
2447360
2534058
1052672
1458176
2489685
1980020
1511841
952284
1494932
1352122
1898209
1780989
999934
2151765
1261829
942388
719382
931249
688304
852445
836573
1065541
783836
751149
1124532
1155936
1440761
1065088
1302250
1354990
1281084
998401
963750
852718
1279152
1185557
1198761
957988
2173649
1218418
853742
2354812
1449025
1865728
2538837
2615978
2448042
1574912
1376938
2209109
2531328
2555904
1664341
1422677
2456234
2612565
2628949
1832277
1343488
2220714
2552490
2605738
1753770
186368
114688
2355882
2493098
1692330
1678677
2420736
2622122
1723048
1139856
1104554
1525029
1413602
1353841
1182433
1552494
1654773
1759861
2157274
1757746
1247232
2532010
2369917
1413602
1212110
1311424
1021913
783662
1237006
652310
1391328
2139929
1638668
1417704
1798222
1056085
1997156
1563144
1316082
1334253
1127765
1651574
2046833
1714924
1417382
1060864
1408754
1810172
1805941
2077688
1060864
2438485
2395477
2344960
2351786
1370794
1287509
2377728
2636458
2693802
1372842
1234944
2556586
2598912
2387968
1071786
1628842
2420736
2551469
1045378
880521
1523398
664365
915940
1084994
1242912
1735657
1496089
1593596
1873017
503808
984405
2407082
2497194
2379102
1117804
1779712
1519880
1481582
1594121
1418078
436302
687670
1440873
1048044
656116
861248
768809
1427981
1616249
1446794
1712810
1801429
1857101
1263377
1055173
1799509
1678606
1144669
1150076
961065
1041380
1519213
1630181
1432474
1175438
1326381
767114
1421760
1861220
1520298
1534965
1016841
855530
1126046
936468
1318045
1319017
976634
1086254
1112392
1537070
1448269
1604525
1437753
1547861
1387178
2216196
1572850
1142953
989374
1270322
1274776
1030986
959542
866498
878712
988256
1797628
1853925
1444780
1246733
766778
1342156
1424788
617037
886881
985888
1020885
1007605
920832
981428
933714
751285
770174
858797
477088
967596
1059078
1069413
1003810
1183502
1105756
1156333
1116429
967694
1313476
1314178
1153965
1066994
1048832
992904
1116670
1055553
1031920
1103416
931053
1060762
1126074
1141808
1197049
637333
861745
629722
647637
582637
566661
683885
735153
786686
875984
1164302
1275569
1263300
1367390
1412964
1124352
1006057
986884
1055336
1022466
907869
1009221
965149
1121234
1073197
1007690
1207998
1243209
1206192
1059078
837108
1027409
1020436
1039905
984808
904274
676912
671986
980661
970949
1069396
984117
695568
439681
825641
723426
809249
596265
642330
693140
426814
308026
1177453
1409125
1227062
1082026
2171562
1278566
1397037
1397789
1154848
1506700
644110
861304
1192081
1055102
880512
1032282
1084690
1021328
936470
1123729
1162477
1110882
1459408
1367360
1425352
1079444
968824
1021100
977902
1029934
1061861
1054118
1060357
984637
1080957
1163056
1182524
1243772
824889
1010612
1089062
1031280
965617
1116541
1624234
1506418
1668030
1819149
1662548
1182378
2516992
2507434
2418090
1869162
843776
2143573
2473984
2534058
2318336
374101
972800
2256213
2644650
1910932
920917
1893714
678260
470452
618533
1629444
1613809
1074356
880062
569270
696086
708918
729544
731514
718840
876293
1024929
1279502
1209856
1223768
1087766
1154190
1152282
1172041
1214538
849102
872742
888418
974768
884288
929869
983393
842248
866850
953926
937446
986736
987185
1017680
782798
988533
1050792
1139112
1184589
1012132
972565
1255057
1066812
1078228
1138445
1011390
1036628
934656
1018820
1081832
1081925
1023132
475612
868344
816438
1066268
662766
765664
1048294
1240609
929221
637154
441245
702308
700510
751285
1002462
1358334
2134256
2104754
1790593
1461232
919336
579616
1470692
1125580
1045434
943314
1169165
1743465
1644058
1020710
1983829
1051592
894838
663216
623225
514392
1824972
2164152
2422784
1624746
1514837
2390698
2508800
2436437
1809749
1256106
2312874
2521770
2506752
2065066
836949
2301952
1741293
1525720
1440586
1137322
2424149
2333740
1709713
898961
1274014
1842621
1866786
1783294
1590540
466944
1402197
2623488
2702677
2151082
970752
2228906
2540202
2414592
2415274
1496405
2024106
2647381
2492416
2890410
1243818
1434965
2520405
2575018
2545664
1108650
1840469
2549760
2447360
2534058
1052672
1458176
2489685
1980020
1511841
952284
1494932
1352122
1898209
1780989
999934
2151765
1261829
942388
719382
931249
688304
852445
836573
1065541
783836
751149
1124532
1155936
1440761
1065088
1302250
1354990
1281084
998401
963750
852718
1279152
1185557
1198761
957988
2173649
1218418
853742
2354812
1449025
1865728
2538837
2615978
2448042
1574912
1376938
2209109
2531328
2555904
1664341
1422677
2456234
2612565
2628949
1832277
1343488
2220714
2552490
2605738
1753770
186368
114688
2355882
2493098
1692330
1678677
2420736
2622122
1723048
1139856
1104554
1525029
1413602
1353841
1182433
1552494
1654773
1759861
2157274
1757746
1247232
2532010
2369917
1413602
1212110
1311424
1021913
783662
1237006
652310
1391328
2139929
1638668
1417704
1798222
1056085
1997156
1563144
1316082
1334253
1127765
1651574
2046833
1714924
1417382
1060864
1408754
1810172
1805941
2077688
1060864
2438485
2395477
2344960
2351786
1370794
1287509
2377728
2636458
2693802
1372842
1234944
2556586
2598912
2387968
1071786
1628842
2420736
2551469
1045378
880521
1523398
664365
915940
1084994
1242912
1735657
1496089
1593596
1873017
503808
984405
2407082
2497194
2379102
1117804
1779712
1519880
1481582
1594121
1418078
436302
687670
1440873
1048044
656116
861248
768809
1427981
1616249
1446794
1712810
1801429
1857101
1263377
1055173
1799509
1678606
1144669
1150076
961065
1041380
1519213
1630181
1432474
1175438
1326381
767114
1421760
1861220
1520298
1534965
1016841
855530
1126046
936468
1318045
1319017
976634
1086254
1112392
1537070
1448269
1604525
1437753
1547861
1387178
2216196
1572850
1142953
989374
1270322
1274776
1030986
959542
866498
878712
988256
1797628
1853925
1444780
1246733
766778
1342156
1424788
617037
886881
985888
1020885
1007605
920832
981428
933714
751285
770174
858797
477088
967596
1059078
1069413
1003810
1183502
1105756
1156333
1116429
967694
1313476
1314178
1153965
1066994
1048832
992904
1116670
1055553
1031920
1103416
931053
1060762
1126074
1141808
1197049
637333
861745
629722
647637
582637
566661
683885
735153
786686
875984
1164302
1275569
1263300
1367390
1412964
1124352
1006057
986884
1055336
1022466
907869
1009221
965149
1121234
1073197
1007690
1207998
1243209
1206192
1059078
837108
1027409
1020436
1039905
984808
904274
676912
671986
980661
970949
1069396
984117
695568
439681
825641
723426
809249
596265
642330
693140
426814
308026
1177453
1409125
1227062
1082026
2171562
1278566
1397037
1397789
1154848
1506700
644110
861304
1192081
1055102
880512
1032282
1084690
1021328
936470
1123729
1162477
1110882
1459408
1367360
1425352
1079444
968824
1021100
977902
1029934
1061861
1054118
1060357
984637
1080957
1163056
1182524
1243772
824889
1010612
1089062
1031280
965617
1116541
1624234
1506418
1668030
1819149
1662548
1182378
2516992
2507434
2418090
1869162
843776
2143573
2473984
2534058
2318336
374101
972800
2256213
2644650
1910932
920917
1893714
678260
470452
618533
1629444
1613809
1074356
880062
569270
696086
708918
729544
731514
718840
876293
1024929
1279502
1209856
1223768
1087766
1154190
1152282
1172041
1214538
849102
872742
888418
974768
884288
929869
983393
842248
866850
953926
937446
986736
987185
1017680
782798
988533
1050792
1139112
1184589
1012132
972565
1255057
1066812
1078228
1138445
1011390
1036628
934656
1018820
1081832
1081925
1023132
475612
868344
816438
1066268
662766
765664
1048294
1240609
929221
637154
441245
702308
700510
751285
1002462
1358334
2134256
2104754
1790593
1461232
919336
579616
1470692
1125580
1045434
943314
1169165
1743465
1644058
1020710
1983829
1051592
894838
663216
623225
514392
1824972
2164152
2422784
1624746
1514837
2390698
2508800
2436437
1809749
1256106
2312874
2521770
2506752
2065066
836949
2301952
1741293
1525720
1440586
1137322
2424149
2333740
1709713
898961
1274014
1842621
1866786
1783294
1590540
466944
1402197
2623488
2702677
2151082
970752
2228906
2540202
