530662
600542
469320
808394
1829444
1143301
1030589
547084
401408
1574013
1677984
1189636
1472768
1191570
1622344
1572736
1639064
1399224
1121933
1895086
1462833
1041065
1353441
922908
354986
592670
1383114
917074
891425
1126478
904957
648388
652432
461465
297458
496064
39541
607948
88518
211437
429148
298072
721862
798681
849689
809249
910585
1022464
1046480
1092329
691524
1031076
926948
376001
1157120
648113
1069197
668229
917701
654013
938960
670544
712849
532460
93012
245785
642546
979546
934613
797601
295177
115478
941288
1448166
1346752
1290934
1080646
1226598
1275793
1513749
1508845
1388006
1387593
1202989
1565370
1312641
696025
1537169
522922
1819452
687480
1899332
539200
1097449
1217317
1238034
615880
774314
479050
875861
1360250
1173282
1716874
1091800
1866380
1260178
1333528
1316312
938302
1159046
1276556
1021784
1744758
1960872
1542826
2466146
1969525
2185842
1813808
979626
2412544
2598229
2445994
1823402
1181013
2366122
2438485
1846306
1073008
276741
2378374
2352349
2430360
1835622
1185109
2625536
2685610
2507434
1924437
910677
322901
2406400
2730666
2059605
1390592
2353834
2460330
2486272
1871012
1284778
1987242
2669226
2454124
1583808
1540096
1971541
2591402
2665130
2254165
1105920
1864362
2601642
2551125
1819034
1296384
1853440
1115782
418840
1543848
988084
1107157
1785238
1935690
1333148
1224704
1498816
1314397
1304708
986880
1283573
1539865
1941916
1416829
1385765
939758
939028
1087746
752149
923380
539649
708149
728214
855236
738056
718165
1272580
839354
857777
995464
933092
954366
557088
744466
1344502
1280433
1044804
1319804
981190
1022836
1266346
1398200
1459434
1114860
1944332
904949
1812038
1579406
1671969
882534
936285
1716916
644394
584133
284877
849689
1288500
1238386
1413188
554460
1108512
1781962
1646806
1573385
1273590
1209928
1666929
1270489
1999374
1173368
866736
1572686
1430685
1051889
1214098
736517
1501612
1063756
916409
983188
1038848
351389
458769
455174
461465
1443630
1313029
1171681
799993
1088156
1268394
1411558
1081545
686814
942018
560768
381484
894312
86133
354074
192764
839804
426417
324418
360814
276789
305996
278586
243538
74140
274992
613789
157266
153222
440796
366206
199054
342465
751212
514037
596714
361713
470002
822626
952905
679392
1056832
395413
485962
533125
396312
150526
72342
60660
219724
289820
532010
499209
442593
10000
1157932
592221
567664
50618
742298
701858
556724
674490
481194
684784
370654
794624
821112
703984
710845
712642
560768
687480
743646
699162
731065
732129
750221
711294
747241
615586
810597
589974
707466
522125
789928
747241
614688
808800
835310
536953
530662
600542
469320
808394
1829444
1143301
1030589
547084
401408
1574013
1677984
1189636
1472768
1191570
1622344
1572736
1639064
1399224
1121933
1895086
1462833
1041065
1353441
922908
354986
592670
1383114
917074
891425
1126478
904957
648388
652432
461465
297458
496064
39541
607948
88518
211437
429148
298072
721862
798681
849689
809249
910585
1022464
1046480
1092329
691524
1031076
926948
376001
1157120
648113
1069197
668229
917701
654013
938960
670544
712849
532460
93012
245785
642546
979546
934613
797601
295177
115478
941288
1448166
1346752
1290934
1080646
1226598
1275793
1513749
1508845
1388006
1387593
1202989
1565370
1312641
696025
1537169
522922
1819452
687480
1899332
539200
1097449
1217317
1238034
615880
774314
479050
875861
1360250
1173282
1716874
1091800
1866380
1260178
1333528
1316312
938302
1159046
1276556
1021784
1744758
1960872
1542826
2466146
1969525
2185842
1813808
979626
2412544
2598229
2445994
1823402
1181013
2366122
2438485
1846306
1073008
276741
2378374
2352349
2430360
1835622
1185109
2625536
2685610
2507434
1924437
910677
322901
2406400
2730666
2059605
1390592
2353834
2460330
2486272
1871012
1284778
1987242
2669226
2454124
1583808
1540096
1971541
2591402
2665130
2254165
1105920
1864362
2601642
2551125
1819034
1296384
1853440
1115782
418840
1543848
988084
1107157
1785238
1935690
1333148
1224704
1498816
1314397
1304708
986880
1283573
1539865
1941916
1416829
1385765
939758
939028
1087746
752149
923380
539649
708149
728214
855236
738056
718165
1272580
839354
857777
995464
933092
954366
557088
744466
1344502
1280433
1044804
1319804
981190
1022836
1266346
1398200
1459434
1114860
1944332
904949
1812038
1579406
1671969
882534
936285
1716916
644394
584133
284877
849689
1288500
1238386
1413188
554460
1108512
1781962
1646806
1573385
1273590
1209928
1666929
1270489
1999374
1173368
866736
1572686
1430685
1051889
1214098
736517
1501612
1063756
916409
983188
1038848
351389
458769
455174
461465
1443630
1313029
1171681
799993
1088156
1268394
1411558
1081545
686814
942018
560768
381484
894312
86133
354074
192764
839804
426417
324418
360814
276789
305996
278586
243538
74140
274992
613789
157266
153222
440796
366206
199054
342465
751212
514037
596714
361713
470002
822626
952905
679392
1056832
395413
485962
533125
396312
150526
72342
60660
219724
289820
532010
499209
442593
10000
1157932
592221
567664
50618
742298
701858
556724
674490
481194
684784
370654
794624
821112
703984
710845
712642
560768
687480
743646
699162
731065
732129
750221
711294
747241
615586
810597
589974
707466
522125
789928
747241
614688
808800
835310
536953
530662
600542
469320
808394
1829444
1143301
1030589
547084
401408
1574013
1677984
1189636
1472768
1191570
1622344
1572736
1639064
1399224
1121933
1895086
1462833
1041065
1353441
922908
354986
592670
1383114
917074
891425
1126478
904957
648388
652432
461465
297458
496064
39541
607948
88518
211437
429148
298072
721862
798681
849689
809249
910585
1022464
1046480
1092329
691524
1031076
926948
376001
1157120
648113
1069197
668229
917701
654013
938960
670544
712849
532460
93012
245785
642546
979546
934613
797601
295177
115478
941288
1448166
1346752
1290934
1080646
1226598
1275793
1513749
1508845
1388006
1387593
1202989
1565370
1312641
696025
1537169
522922
1819452
687480
1899332
539200
1097449
1217317
1238034
615880
774314
479050
875861
1360250
1173282
1716874
1091800
1866380
1260178
1333528
1316312
938302
1159046
1276556
1021784
1744758
1960872
1542826
2466146
1969525
2185842
1813808
979626
2412544
2598229
2445994
1823402
1181013
2366122
2438485
1846306
1073008
276741
2378374
2352349
2430360
1835622
1185109
2625536
2685610
2507434
1924437
910677
322901
2406400
2730666
2059605
1390592
2353834
2460330
2486272
1871012
1284778
1987242
2669226
2454124
1583808
1540096
1971541
2591402
2665130
2254165
1105920
1864362
2601642
2551125
1819034
1296384
1853440
1115782
418840
1543848
988084
1107157
1785238
1935690
1333148
1224704
1498816
1314397
1304708
986880
1283573
1539865
1941916
1416829
1385765
939758
939028
1087746
752149
923380
539649
708149
728214
855236
738056
718165
1272580
839354
857777
995464
933092
954366
557088
744466
1344502
1280433
1044804
1319804
981190
1022836
1266346
1398200
1459434
1114860
1944332
904949
1812038
1579406
1671969
882534
936285
1716916
644394
584133
284877
849689
1288500
1238386
1413188
554460
1108512
1781962
1646806
1573385
1273590
1209928
1666929
1270489
1999374
1173368
866736
1572686
1430685
1051889
1214098
736517
1501612
1063756
916409
983188
1038848
351389
458769
455174
461465
1443630
1313029
1171681
799993
1088156
1268394
1411558
1081545
686814
942018
560768
381484
894312
86133
354074
192764
839804
426417
324418
360814
276789
305996
278586
243538
74140
274992
613789
157266
153222
440796
366206
199054
342465
751212
514037
596714
361713
470002
822626
952905
679392
1056832
395413
485962
533125
396312
150526
72342
60660
219724
289820
532010
499209
442593
10000
1157932
592221
567664
50618
742298
701858
556724
674490
481194
684784
370654
794624
821112
703984
710845
712642
560768
687480
743646
699162
731065
732129
750221
711294
747241
615586
810597
589974
707466
522125
789928
747241
614688
808800
835310
536953
530662
600542
469320
808394
1829444
1143301
1030589
547084
401408
1574013
1677984
1189636
1472768
1191570
1622344
1572736
1639064
1399224
1121933
1895086
1462833
1041065
1353441
922908
354986
592670
1383114
917074
891425
1126478
904957
648388
652432
461465
297458
496064
39541
607948
88518
211437
429148
298072
721862
798681
849689
809249
910585
1022464
1046480
1092329
691524
1031076
926948
376001
1157120
648113
1069197
668229
917701
654013
938960
670544
712849
532460
93012
245785
642546
979546
934613
797601
