2419426
2397193
2371712
2787982
1970776
1971674
2090748
2188305
2303680
2662872
2549950
2553173
2571605
2299904
1153024
1404928
2535424
2462378
2618026
1187157
602794
1890986
2549077
2626901
1253376
1977685
2635776
2549077
2706090
1221973
1174869
2564778
2668544
2534058
1238357
1281365
2575018
2521088
2728618
1449984
1339392
2372949
2564778
2700629
1641130
420522
1075882
2500608
2480128
1549653
1508693
2312874
2503338
2426197
1455445
1236992
2393429
2383872
2519722
1703253
1552384
2527232
2428245
2400938
1659562
1021952
2301952
2310826
2420736
1581056
1071786
2456917
2544981
2479445
1817258
1194666
2006357
2439850
2498560
1506645
299008
1348949
2494464
2323132
1344425
1430186
1842072
2257132
1371584
1741482
1288874
2471253
2480810
2340533
1395230
1430869
1991338
2526846
1957734
1283178
1179648
2094421
2628266
2144974
1750513
1024682
2065749
2476714
1879180
1573345
1147562
2012005
1593438
1607120
1248696
1118208
2603690
2377481
1731890
1597298
1077248
1942186
1281021
1415694
1260120
942801
1109986
962705
854848
851936
1081882
980324
912596
558521
751389
813638
647040
479888
1070096
1122918
344064
2015232
2447360
2583893
2201788
1026730
2033664
1943602
1199944
1058030
944810
2508117
2575228
2258814
2360281
1075882
1373525
2271104
1114346
1088653
874860
1057354
1591029
1806380
1345745
690918
1004822
2180165
1631796
815540
736700
682744
743785
771816
347784
10000
372497
670854
552230
576494
502804
515385
470452
173892
10000
1348072
2111577
2029092
2315945
2138084
1068373
1528490
2400256
2258261
2428245
1433600
1286144
2480810
1910144
2064144
1038732
1515520
2448042
2497194
2467840
1076565
1384448
2453504
2550442
1459808
688594
1528037
2505386
2400256
2243925
1820672
871082
2493098
2488320
2443264
1740800
1200128
2508117
2441216
1506420
1359622
1047210
1603701
1410881
1418606
1161592
1536682
1984893
2217645
2286933
1822720
626688
1008981
2344277
2524501
1830912
1089536
2350421
2405717
2437120
2127189
1291605
1903274
2445994
2658304
2095104
1135957
2098517
2304000
2116266
2121728
1223338
2270549
2405717
2513578
2174293
898389
1986560
2337450
2507434
2461013
1148245
1698474
2379776
2381141
2528597
1135957
1730560
2392746
2363392
2337450
1254741
2035712
2344277
2326528
2492416
1114794
1482069
2438485
2419370
2415274
1290922
1476608
2405717
2341497
1639948
1083397
1618602
1699997
1266560
1363354
1091349
1704472
1256076
1010300
1079773
972064
1149234
1150513
1143674
971553
1145800
1131421
851936
676264
1237446
899937
866841
790826
764765
788580
847442
744545
867490
727193
649286
174341
1467972
1649322
2576384
2622805
1584904
1448322
1244214
1356864
1453256
1322374
1321754
1107804
1363726
1154337
900913
2419426
2397193
2371712
2787982
1970776
1971674
2090748
2188305
2303680
2662872
2549950
2553173
2571605
2299904
1153024
1404928
2535424
2462378
2618026
1187157
602794
1890986
2549077
2626901
1253376
1977685
2635776
2549077
2706090
1221973
1174869
2564778
2668544
2534058
1238357
1281365
2575018
2521088
2728618
1449984
1339392
2372949
2564778
2700629
1641130
420522
1075882
2500608
2480128
1549653
1508693
2312874
2503338
2426197
1455445
1236992
2393429
2383872
2519722
1703253
1552384
2527232
2428245
2400938
1659562
1021952
2301952
2310826
2420736
1581056
1071786
2456917
2544981
2479445
1817258
1194666
2006357
2439850
2498560
1506645
299008
1348949
2494464
2323132
1344425
1430186
1842072
2257132
1371584
1741482
1288874
2471253
2480810
2340533
1395230
1430869
1991338
2526846
1957734
1283178
1179648
2094421
2628266
2144974
1750513
1024682
2065749
2476714
1879180
1573345
1147562
2012005
1593438
1607120
1248696
1118208
2603690
2377481
1731890
1597298
1077248
1942186
1281021
1415694
1260120
942801
1109986
962705
854848
851936
1081882
980324
912596
558521
751389
813638
647040
479888
1070096
1122918
344064
2015232
2447360
2583893
2201788
1026730
2033664
1943602
1199944
1058030
944810
2508117
2575228
2258814
2360281
1075882
1373525
2271104
1114346
1088653
874860
1057354
1591029
1806380
1345745
690918
1004822
2180165
1631796
815540
736700
682744
743785
771816
347784
10000
372497
670854
552230
576494
502804
515385
470452
173892
10000
1348072
2111577
2029092
2315945
2138084
1068373
1528490
2400256
2258261
2428245
1433600
1286144
2480810
1910144
2064144
1038732
1515520
2448042
2497194
2467840
1076565
1384448
2453504
2550442
1459808
688594
1528037
2505386
2400256
2243925
1820672
871082
2493098
2488320
2443264
1740800
1200128
2508117
2441216
1506420
1359622
1047210
1603701
1410881
1418606
1161592
1536682
1984893
2217645
2286933
1822720
626688
1008981
2344277
2524501
1830912
1089536
2350421
2405717
2437120
2127189
1291605
1903274
2445994
2658304
2095104
1135957
2098517
2304000
2116266
2121728
1223338
2270549
2405717
2513578
2174293
898389
1986560
2337450
2507434
2461013
1148245
1698474
2379776
2381141
2528597
1135957
1730560
2392746
2363392
2337450
1254741
2035712
2344277
2326528
2492416
1114794
1482069
2438485
2419370
2415274
1290922
1476608
2405717
2341497
1639948
1083397
1618602
1699997
1266560
1363354
1091349
1704472
1256076
1010300
1079773
972064
1149234
1150513
1143674
971553
1145800
1131421
851936
676264
1237446
899937
866841
790826
764765
788580
847442
744545
867490
727193
649286
174341
1467972
1649322
2576384
2622805
1584904
1448322
1244214
1356864
1453256
1322374
1321754
1107804
1363726
1154337
900913
2419426
2397193
2371712
2787982
1970776
1971674
2090748
2188305
2303680
2662872
2549950
2553173
2571605
2299904
1153024
1404928
2535424
2462378
2618026
1187157
602794
1890986
2549077
2626901
1253376
1977685
2635776
2549077
2706090
1221973
1174869
2564778
2668544
2534058
1238357
1281365
2575018
2521088
2728618
1449984
1339392
2372949
2564778
2700629
1641130
420522
1075882
2500608
2480128
1549653
1508693
2312874
2503338
2426197
1455445
1236992
2393429
2383872
2519722
1703253
1552384
2527232
2428245
2400938
1659562
1021952
2301952
2310826
2420736
1581056
1071786
2456917
2544981
2479445
1817258
1194666
2006357
2439850
2498560
1506645
299008
1348949
2494464
2323132
1344425
1430186
1842072
2257132
1371584
1741482
1288874
2471253
2480810
2340533
1395230
1430869
1991338
2526846
1957734
1283178
1179648
2094421
2628266
2144974
1750513
1024682
2065749
2476714
1879180
1573345
1147562
2012005
1593438
1607120
1248696
1118208
2603690
2377481
1731890
1597298
1077248
1942186
1281021
1415694
1260120
942801
1109986
962705
854848
851936
1081882
980324
912596
558521
751389
813638
647040
479888
1070096
1122918
344064
2015232
2447360
2583893
2201788
1026730
2033664
1943602
1199944
1058030
944810
2508117
2575228
2258814
2360281
1075882
1373525
2271104
1114346
1088653
874860
1057354
1591029
1806380
1345745
690918
1004822
2180165
1631796
815540
736700
682744
743785
771816
347784
10000
372497
670854
552230
576494
502804
515385
470452
173892
10000
1348072
2111577
2029092
2315945
2138084
1068373
1528490
2400256
2258261
2428245
1433600
1286144
2480810
1910144
2064144
1038732
1515520
2448042
2497194
2467840
1076565
1384448
2453504
2550442
1459808
688594
1528037
2505386
2400256
2243925
1820672
871082
2493098
2488320
2443264
1740800
1200128
2508117
2441216
1506420
1359622
1047210
1603701
1410881
1418606
1161592
1536682
1984893
2217645
2286933
1822720
626688
1008981
2344277
2524501
1830912
1089536
2350421
2405717
2437120
2127189
1291605
1903274
2445994
2658304
2095104
1135957
2098517
2304000
2116266
2121728
1223338
2270549
2405717
2513578
2174293
898389
1986560
2337450
2507434
2461013
1148245
1698474
2379776
2381141
2528597
1135957
1730560
2392746
2363392
2337450
1254741
2035712
2344277
2326528
2492416
1114794
1482069
2438485
2419370
2415274
1290922
1476608
2405717
2341497
1639948
1083397
1618602
1699997
1266560
1363354
1091349
1704472
1256076
1010300
1079773
972064
1149234
1150513
1143674
971553
1145800
1131421
851936
676264
1237446
899937
866841
790826
764765
788580
847442
744545
867490
727193
649286
174341
1467972
1649322
2576384
2622805
1584904
1448322
1244214
1356864
1453256
1322374
1321754
1107804
1363726
1154337
900913
2419426
2397193
2371712
2787982
1970776
1971674
2090748
2188305
2303680
2662872
2549950
2553173
2571605
2299904
1153024
1404928
2535424
2462378
2618026
1187157
602794
1890986
2549077
2626901
1253376
1977685
2635776
2549077
2706090
1221973
1174869
2564778
2668544
2534058
1238357
1281365
2575018
2521088
2728618
1449984
1339392
2372949
2564778
2700629
1641130
420522
1075882
2500608
2480128
1549653
1508693
2312874
2503338
2426197
1455445
1236992
2393429
2383872
2519722
1703253
1552384
2527232
2428245
2400938
1659562
1021952
2301952
2310826
2420736
1581056
1071786
2456917
2544981
2479445
1817258
1194666
2006357
2439850
2498560
1506645
299008
1348949
2494464
2323132
1344425
1430186
1842072
2257132
1371584
1741482
1288874
2471253
2480810
2340533
