1179500
1335418
1290934
1168025
1067408
987634
1113448
1015044
1132769
969212
810200
568804
787681
387774
1243754
1132769
1112998
953934
1176372
1088069
1059493
921833
997840
811765
1444518
1382512
1384862
1347989
1981098
1860929
1559504
1845325
1746704
1855690
1950805
1272490
1925120
1859342
1633156
1387178
1579690
1525096
1488554
1424629
1454080
1736021
2234368
1809704
1557025
1039038
1709129
1861657
1303797
1312952
1380352
1400097
1415874
1354740
1455876
1293141
1587498
1342405
1446444
1278282
1186489
1525105
1291965
1667310
2151308
1246308
1563989
2106709
2238464
2295125
1740800
1256106
1987925
2179754
2273280
1803605
1480021
1787221
2274645
2260309
1849344
1514154
1795413
2184533
2300586
1956522
1039432
758924
741849
669956
639185
746558
771505
784985
437201
749038
1380240
1154898
1076153
670405
709730
1039032
1257849
1238621
1088241
1175456
425984
2219898
1260690
1276617
825464
1017173
1086746
1298806
990097
672202
1476484
1542948
1179372
879561
772404
1244100
1196894
1373618
1547169
1434220
1284778
1204908
1065438
1136757
1019732
917780
922481
793972
840486
824742
826065
797825
441729
298988
249181
1738112
1251052
816888
930854
1251557
1146861
1520952
1270352
1159806
1084854
647878
1215506
1071660
1095025
974760
933792
551997
838828
1063001
984040
1110141
1221121
824154
1393845
1389153
1193222
2116266
1694974
1915674
1831637
1435396
1583786
2121728
2255530
2042510
1499818
1512789
2086229
2299221
2057353
1600918
1562624
1899861
1870653
1429746
1344072
1342645
1850369
1651533
1304558
1134021
1178282
1634386
2207492
2260309
1281170
1617920
2241877
2213888
2307413
1818624
1520981
1822720
2218666
2334720
1935360
1112064
1813845
2202282
2254848
1705301
1219242
2222762
2291029
2202282
2028202
1348266
1729877
2217301
2282837
1972224
1512106
1828181
1927850
2281472
1908736
2176341
584362
806912
1562624
1064960
1092266
1295018
2148352
2244608
2239829
1723050
1359872
2217984
1598652
827828
1216224
1854122
1869824
2179072
2184533
2012501
1912149
1974272
1949013
1576960
1370112
2090325
2366805
2105344
1591978
1809066
1693696
2164053
2163370
2139477
1687552
1713493
1946965
1695744
2194090
1725781
1720320
561152
1731242
2404352
2331306
784678
2129237
2201600
2237098
2229589
1671850
1316864
2013866
2258261
2258944
1515520
1473194
2254848
2256896
2012478
1319418
1336661
1825670
1661644
1265780
1075169
1169449
1117760
945233
954064
1309736
1359724
1085429
1152081
1314058
1110916
904101
1132908
1022328
1244204
990876
752064
1341285
1584708
1176634
1169692
1305037
1086980
1196708
1501885
1422873
1497397
1478166
1518373
1552626
1287298
1684138
1577028
1376448
1317600
1394945
1310720
1296010
1121328
1058949
981481
1068377
983980
1057610
1101945
204446
1400572
346226
1426393
930370
1123548
1689314
974317
1678217
1254720
966826
737404
1342958
1307610
1722005
2015805
709973
1112746
2297856
1985194
1888256
1286144
2020010
2265088
2124458
2192725
1439744
1482752
2375680
2322432
2426197
1363968
1456810
2310144
2248704
2108074
1426773
1415850
2326528
2379776
1457837
1355776
1801557
1712134
1465856
1382476
1193038
1750157
2364753
1767114
1747146
1355713
1373525
2335402
2285568
2419370
1622016
1256789
2282837
2208426
2215936
1552384
1301162
2306048
2254848
2262357
1886208
1277952
2214570
2207744
2236416
1817258
1473194
1895082
2274645
2263722
1735338
1500501
1944234
2325162
2215936
1808384
1621333
2055509
2383872
2334037
2023424
1245184
1371477
2121045
2373632
2271914
1576960
1391274
2329258
2314240
2351104
1794048
1324373
1931946
2288298
2274645
2004309
563882
1279317
2217301
2319701
2188629
1342122
1956522
2461696
1179500
1335418
1290934
1168025
1067408
987634
1113448
1015044
1132769
969212
810200
568804
787681
387774
1243754
1132769
1112998
953934
1176372
1088069
1059493
921833
997840
811765
1444518
1382512
1384862
1347989
1981098
1860929
1559504
1845325
1746704
1855690
1950805
1272490
1925120
1859342
1633156
1387178
1579690
1525096
1488554
1424629
1454080
1736021
2234368
1809704
1557025
1039038
1709129
1861657
1303797
1312952
1380352
1400097
1415874
1354740
1455876
1293141
1587498
1342405
1446444
1278282
1186489
1525105
1291965
1667310
2151308
1246308
1563989
2106709
2238464
2295125
1740800
1256106
1987925
2179754
2273280
1803605
1480021
1787221
2274645
2260309
1849344
1514154
1795413
2184533
2300586
1956522
1039432
758924
741849
669956
639185
746558
771505
784985
437201
749038
1380240
1154898
1076153
670405
709730
1039032
1257849
1238621
1088241
1175456
425984
2219898
1260690
1276617
825464
1017173
1086746
1298806
990097
672202
1476484
1542948
1179372
879561
772404
1244100
1196894
1373618
1547169
1434220
1284778
1204908
1065438
1136757
1019732
917780
922481
793972
840486
824742
826065
797825
441729
298988
249181
1738112
1251052
816888
930854
1251557
1146861
1520952
1270352
1159806
1084854
647878
1215506
1071660
1095025
974760
933792
551997
838828
1063001
984040
1110141
1221121
824154
1393845
1389153
1193222
2116266
1694974
1915674
1831637
1435396
1583786
2121728
2255530
2042510
1499818
1512789
2086229
2299221
2057353
1600918
1562624
1899861
1870653
1429746
1344072
1342645
1850369
1651533
1304558
1134021
1178282
1634386
2207492
2260309
1281170
1617920
2241877
2213888
2307413
1818624
1520981
1822720
2218666
2334720
1935360
1112064
1813845
2202282
2254848
1705301
1219242
2222762
2291029
2202282
2028202
1348266
1729877
2217301
2282837
1972224
1512106
1828181
1927850
2281472
1908736
2176341
584362
806912
1562624
1064960
1092266
1295018
2148352
2244608
2239829
1723050
1359872
2217984
1598652
827828
1216224
1854122
1869824
2179072
2184533
2012501
1912149
1974272
1949013
1576960
1370112
2090325
2366805
2105344
1591978
1809066
1693696
2164053
2163370
2139477
1687552
1713493
1946965
1695744
2194090
1725781
1720320
561152
1731242
2404352
2331306
784678
2129237
2201600
2237098
2229589
1671850
1316864
2013866
2258261
2258944
1515520
1473194
2254848
2256896
2012478
1319418
1336661
1825670
1661644
1265780
1075169
1169449
1117760
945233
954064
1309736
1359724
1085429
1152081
1314058
1110916
904101
1132908
1022328
1244204
990876
752064
1341285
1584708
1176634
1169692
1305037
1086980
1196708
1501885
1422873
1497397
1478166
1518373
1552626
1287298
1684138
1577028
1376448
1317600
1394945
1310720
1296010
1121328
1058949
981481
1068377
983980
1057610
1101945
204446
1400572
346226
1426393
930370
1123548
1689314
974317
1678217
1254720
966826
737404
1342958
1307610
1722005
2015805
709973
1112746
2297856
1985194
1888256
1286144
2020010
2265088
2124458
2192725
1439744
1482752
2375680
2322432
2426197
1363968
1456810
2310144
2248704
2108074
1426773
1415850
2326528
2379776
1457837
1355776
1801557
1712134
1465856
1382476
1193038
1750157
2364753
1767114
1747146
1355713
1373525
2335402
2285568
2419370
1622016
1256789
2282837
2208426
2215936
1552384
1301162
2306048
2254848
2262357
1886208
1277952
2214570
2207744
2236416
1817258
1473194
1895082
2274645
2263722
1735338
1500501
1944234
2325162
2215936
1808384
1621333
2055509
2383872
2334037
2023424
1245184
1371477
2121045
2373632
2271914
1576960
1391274
2329258
2314240
2351104
1794048
1324373
1931946
2288298
2274645
2004309
563882
1279317
2217301
2319701
2188629
1342122
1956522
2461696
1179500
1335418
1290934
1168025
1067408
987634
1113448
1015044
1132769
969212
810200
568804
787681
387774
1243754
1132769
1112998
953934
1176372
1088069
1059493
921833
997840
811765
1444518
1382512
1384862
1347989
1981098
1860929
1559504
1845325
1746704
1855690
1950805
1272490
1925120
1859342
1633156
1387178
1579690
1525096
1488554
1424629
1454080
1736021
2234368
1809704
1557025
1039038
1709129
1861657
1303797
1312952
1380352
1400097
1415874
1354740
1455876
1293141
1587498
1342405
1446444
1278282
1186489
1525105
1291965
1667310
2151308
1246308
1563989
2106709
2238464
2295125
1740800
1256106
1987925
2179754
2273280
1803605
1480021
1787221
2274645
2260309
1849344
1514154
1795413
2184533
2300586
1956522
1039432
758924
741849
669956
639185
746558
771505
784985
437201
749038
1380240
1154898
1076153
670405
709730
1039032
1257849
1238621
1088241
1175456
425984
2219898
1260690
1276617
825464
1017173
1086746
1298806
990097
672202
1476484
1542948
1179372
879561
772404
1244100
1196894
1373618
1547169
1434220
1284778
1204908
1065438
1136757
1019732
917780
922481
793972
840486
824742
826065
797825
441729
298988
249181
1738112
1251052
816888
930854
1251557
1146861
1520952
1270352
1159806
1084854
647878
1215506
1071660
1095025
974760
933792
551997
838828
1063001
984040
1110141
1221121
824154
1393845
1389153
1193222
2116266
1694974
1915674
1831637
1435396
1583786
2121728
2255530
2042510
1499818
1512789
2086229
2299221
2057353
1600918
1562624
1899861
1870653
1429746
1344072
1342645
1850369
1651533
1304558
1134021
1178282
1634386
2207492
