1576261
2498293
2343550
2981714
3184226
3122738
2496305
2529280
2741589
2080085
2756046
1820672
2424832
2094726
1729942
1208112
1851838
1031632
1489365
2251630
2230792
2417089
866986
2054144
2725205
2784597
2747050
1196032
1378986
2493098
2513578
2643285
3506024
2593552
2544574
2317941
2206378
1550336
1206272
1784490
2342912
2614613
1971541
1227434
2005674
2377045
2505386
2048682
1022634
1865045
2516309
2517674
2194090
1279317
1928533
2577066
2368170
1903274
1217877
1989290
2424832
2501290
2018645
1353728
1824768
2541568
2339560
1861841
830122
263509
2060288
1959240
909001
805205
688629
1506641
1236772
1242720
1301805
1447110
1147156
823593
1132769
1052624
1337432
1282794
1203964
1074156
1175560
1297564
1174564
1028757
1276038
1072648
1281928
1084456
995506
933948
918124
974001
1012797
1109110
1082288
1011585
1019885
1025776
944533
947445
919050
39990
1636022
848200
853104
1236437
1079748
1197473
1367554
1467989
1348614
2263722
2550442
2359670
1863864
1355776
1434282
2390698
2379657
2401578
1499818
1378986
2640738
2429813
1858174
1370842
1183744
2570922
2376168
2241469
1665706
918869
1181013
2460330
2490368
1669802
1479338
2226858
2307413
2447360
1722368
1368746
2009088
2488320
2344277
2045269
1757866
1320277
2364074
2357930
1856170
1272490
1897813
2225358
1879777
856746
1290240
2499925
2620074
2271914
1934677
458069
832853
2377728
2333354
1475570
1540778
1401480
1261269
1234897
1015528
676877
1353297
1437114
1369282
1189497
1567769
1403110
1538102
1547072
1583573
1235557
656485
2031645
1500705
1187701
846646
966369
811228
1022432
1221402
1603772
1181609
1318897
1619448
1351160
1557720
1763552
1550601
1105792
952605
921564
850138
773536
764981
740950
753144
688766
514037
245785
10000
280384
1153356
1527816
1015044
976401
822962
950106
1332722
1026277
1052122
813544
967414
1047181
1154517
996414
902790
1079192
1089849
511341
944050
907652
898764
785856
515817
1685613
672074
741977
444606
582785
1005444
1217261
1115193
1195166
1280858
1518480
1505318
1566516
1477973
1360529
1704098
1956181
2029782
1450666
1036288
2363392
2501290
2407765
1644544
954368
2560000
2543616
2409130
1862393
865621
1807701
2561365
2379776
2008405
1011029
2026837
2354517
2476032
2166572
947541
94208
2110122
2205696
1931946
352256
1780394
2471253
1620012
1905268
972117
1881072
1500610
1809332
1749164
977578
1339104
495165
190068
14828
91664
214332
1468416
2105685
1703176
1125034
2516309
1997726
1921986
2092238
662186
2011136
2347008
2289664
2532693
1142784
1362602
2198186
2321749
2321066
1288874
1269077
2291712
2260992
2345642
1084074
1627477
2229589
1737568
1218125
971661
1189545
1166469
1397228
1460298
988673
1786858
1246450
1417197
1047396
948076
1325101
1201068
1190517
1222420
1088632
1139301
1109766
1132985
1056996
947109
1291988
1388370
1213969
995186
762940
1134984
1145177
1226101
953614
836556
1026613
1008969
1042004
1165589
954470
1385638
1039757
1023081
948248
892418
974008
876200
720730
650185
727674
1117021
1064158
640645
1498976
960753
1123808
1193394
1080361
915058
1166984
1065304
1091894
764746
1487669
711676
960276
1028402
1015709
935062
1049858
1000665
994592
1152176
1103260
951617
1093298
967414
998868
958877
951002
1131942
996785
1071210
960225
973213
876242
347334
753489
388925
951386
1860850
1106405
680990
557372
343290
1013964
1014318
1106630
981196
958034
1011609
815090
843398
711036
664054
650953
619181
707925
846318
912613
876182
855582
945362
1014162
813969
1327968
919785
1081096
1109637
869676
771954
567058
251177
205794
165354
611542
936212
1019874
1137297
1114152
1277026
1132424
1156101
1642130
1530661
829440
2377045
2458965
1281788
1276586
898389
1412437
2478080
2297880
1585109
1182378
1753988
1267569
1341709
1342686
1167049
1769378
1528985
1413845
1442736
1116842
1294542
731420
651265
705366
873193
1423349
1422408
1378340
1487456
1059498
1576261
2498293
2343550
2981714
3184226
3122738
2496305
2529280
2741589
2080085
2756046
1820672
2424832
2094726
1729942
1208112
1851838
1031632
1489365
2251630
2230792
2417089
866986
2054144
2725205
2784597
2747050
1196032
1378986
2493098
2513578
2643285
3506024
2593552
2544574
2317941
2206378
1550336
1206272
1784490
2342912
2614613
1971541
1227434
2005674
2377045
2505386
2048682
1022634
1865045
2516309
2517674
2194090
1279317
1928533
2577066
2368170
1903274
1217877
1989290
2424832
2501290
2018645
1353728
1824768
2541568
2339560
1861841
830122
263509
2060288
1959240
909001
805205
688629
1506641
1236772
1242720
1301805
1447110
1147156
823593
1132769
1052624
1337432
1282794
1203964
1074156
1175560
1297564
1174564
1028757
1276038
1072648
1281928
1084456
995506
933948
918124
974001
1012797
1109110
1082288
1011585
1019885
1025776
944533
947445
919050
39990
1636022
848200
853104
1236437
1079748
1197473
1367554
1467989
1348614
2263722
2550442
2359670
1863864
1355776
1434282
2390698
2379657
2401578
1499818
1378986
2640738
2429813
1858174
1370842
1183744
2570922
2376168
2241469
1665706
918869
1181013
2460330
2490368
1669802
1479338
2226858
2307413
2447360
1722368
1368746
2009088
2488320
2344277
2045269
1757866
1320277
2364074
2357930
1856170
1272490
1897813
2225358
1879777
856746
1290240
2499925
2620074
2271914
1934677
458069
832853
2377728
2333354
1475570
1540778
1401480
1261269
1234897
1015528
676877
1353297
1437114
1369282
1189497
1567769
1403110
1538102
1547072
1583573
1235557
656485
2031645
1500705
1187701
846646
966369
811228
1022432
1221402
1603772
1181609
1318897
1619448
1351160
1557720
1763552
1550601
1105792
952605
921564
850138
773536
764981
740950
753144
688766
514037
245785
10000
280384
1153356
1527816
1015044
976401
822962
950106
1332722
1026277
1052122
813544
967414
1047181
1154517
996414
902790
1079192
1089849
511341
944050
907652
898764
785856
515817
1685613
672074
741977
444606
582785
1005444
1217261
1115193
1195166
1280858
1518480
1505318
1566516
1477973
1360529
1704098
1956181
2029782
1450666
1036288
2363392
2501290
2407765
1644544
954368
2560000
2543616
2409130
1862393
865621
1807701
2561365
2379776
2008405
1011029
2026837
2354517
2476032
2166572
947541
94208
2110122
2205696
1931946
352256
1780394
2471253
1620012
1905268
972117
1881072
1500610
1809332
1749164
977578
1339104
495165
190068
14828
91664
214332
1468416
2105685
1703176
1125034
2516309
1997726
1921986
2092238
662186
2011136
2347008
2289664
2532693
1142784
1362602
2198186
2321749
2321066
1288874
1269077
2291712
2260992
2345642
1084074
1627477
2229589
1737568
1218125
971661
1189545
1166469
1397228
1460298
988673
1786858
1246450
1417197
1047396
948076
1325101
1201068
1190517
1222420
1088632
1139301
1109766
1132985
1056996
947109
1291988
1388370
1213969
995186
762940
1134984
1145177
1226101
953614
836556
1026613
1008969
1042004
1165589
954470
1385638
1039757
1023081
948248
892418
974008
876200
720730
650185
727674
1117021
1064158
640645
1498976
960753
1123808
1193394
1080361
915058
1166984
1065304
1091894
764746
1487669
711676
960276
1028402
1015709
935062
1049858
1000665
994592
1152176
1103260
951617
1093298
967414
998868
958877
951002
1131942
996785
1071210
960225
973213
876242
347334
753489
388925
951386
1860850
1106405
680990
557372
343290
1013964
1014318
1106630
981196
958034
1011609
815090
843398
711036
664054
650953
619181
707925
846318
912613
876182
855582
945362
1014162
813969
1327968
919785
1081096
1109637
869676
771954
567058
251177
205794
165354
611542
936212
1019874
1137297
1114152
1277026
1132424
1156101
1642130
1530661
829440
2377045
2458965
1281788
1276586
898389
1412437
2478080
2297880
1585109
1182378
1753988
1267569
1341709
1342686
1167049
1769378
1528985
1413845
1442736
1116842
1294542
731420
651265
705366
873193
1423349
1422408
1378340
1487456
1059498
1576261
2498293
2343550
2981714
3184226
3122738
2496305
2529280
2741589
2080085
2756046
1820672
2424832
2094726
1729942
1208112
1851838
1031632
1489365
2251630
2230792
2417089
866986
2054144
2725205
2784597
2747050
1196032
1378986
2493098
2513578
2643285
3506024
2593552
2544574
2317941
2206378
1550336
1206272
1784490
2342912
2614613
1971541
1227434
2005674
2377045
2505386
2048682
1022634
1865045
2516309
2517674
2194090
1279317
1928533
2577066
2368170
1903274
1217877
1989290
2424832
2501290
2018645
1353728
1824768
2541568
2339560
1861841
830122
263509
2060288
1959240
909001
805205
688629
1506641
1236772
1242720
1301805
1447110
1147156
823593
1132769
1052624
1337432
1282794
1203964
1074156
1175560
1297564
1174564
1028757
1276038
1072648
1281928
1084456
995506
933948
918124
974001
1012797
1109110
1082288
1011585
1019885
1025776
944533
947445
919050
39990
1636022
848200
853104
1236437
1079748
1197473
1367554
