1414501
2020202
2016608
2052554
2051760
1975381
2014810
1997286
1695793
1307904
1132544
1456481
1075194
994114
861821
934164
1264424
884288
862720
829020
970008
1262384
1113145
1242226
1137633
1102733
965789
806302
745686
790800
499892
1105525
1075280
1408072
1133814
1125130
944196
1075108
944681
1021385
1310506
1080062
1400432
1508946
1365392
1492749
1603584
1549653
1742037
1383457
1563342
880157
1524588
1864958
1551109
1601620
1321938
1582552
1600525
1499874
1403892
1299288
1449238
1643066
1374409
1087850
1963349
1294336
2131285
1885585
2231784
1830516
1421994
1648640
2155178
2242560
1968810
600746
1129130
2095786
2222762
2031616
1292970
1815893
2057557
2181802
2080085
1297066
1674581
2086229
2107392
1941504
1350314
1751040
2142890
2225493
2043904
1639765
1501866
2166784
2187264
2309461
1551018
1262933
1961984
2172245
2158592
1630890
1422677
2094421
2219349
2099542
1138688
1541461
2173610
2143573
2045269
1440426
1405610
2274645
2160640
2155861
1647957
1312085
2109440
2179072
2264405
1159850
1615189
2139477
2157909
2282154
1363968
1445888
2159274
2133333
2273962
1506645
1392640
2045269
2142208
2150400
1611093
1340757
2096469
891446
1436362
1615872
1463637
1995496
1139690
1353925
1396912
1500501
2039808
2213205
2271914
1641130
1531904
1838421
2165418
2073258
1751040
1413120
1755818
2194090
2207744
1886890
2039808
1588565
2006357
2144938
1863680
1455445
1657514
2136746
2058922
1867776
1413802
2109440
1995146
1095986
821990
1148321
132649
1548321
718034
404400
616036
540997
324868
1414501
2020202
2016608
2052554
2051760
1975381
2014810
1997286
1695793
1307904
1132544
1456481
1075194
994114
861821
934164
1264424
884288
862720
829020
970008
1262384
1113145
1242226
1137633
1102733
965789
806302
745686
790800
499892
1105525
1075280
1408072
1133814
1125130
944196
1075108
944681
1021385
1310506
1080062
1400432
1508946
1365392
1492749
1603584
1549653
1742037
1383457
1563342
880157
1524588
1864958
1551109
1601620
1321938
1582552
1600525
1499874
1403892
1299288
1449238
1643066
1374409
1087850
1963349
1294336
2131285
1885585
2231784
1830516
1421994
1648640
2155178
2242560
1968810
600746
1129130
2095786
2222762
2031616
1292970
1815893
2057557
2181802
2080085
1297066
1674581
2086229
2107392
1941504
1350314
1751040
2142890
2225493
2043904
1639765
1501866
2166784
2187264
2309461
1551018
1262933
1961984
2172245
2158592
1630890
1422677
2094421
2219349
2099542
1138688
1541461
2173610
2143573
2045269
1440426
1405610
2274645
2160640
2155861
1647957
1312085
2109440
2179072
2264405
1159850
1615189
2139477
2157909
2282154
1363968
1445888
2159274
2133333
2273962
1506645
1392640
2045269
2142208
2150400
1611093
1340757
2096469
891446
1436362
1615872
1463637
1995496
1139690
1353925
1396912
1500501
2039808
2213205
2271914
1641130
1531904
1838421
2165418
2073258
1751040
1413120
1755818
2194090
2207744
1886890
2039808
1588565
2006357
2144938
1863680
1455445
1657514
2136746
2058922
1867776
1413802
2109440
1995146
1095986
821990
1148321
132649
1548321
718034
404400
616036
540997
324868
1414501
2020202
2016608
2052554
2051760
1975381
2014810
1997286
1695793
1307904
1132544
1456481
1075194
994114
861821
934164
1264424
884288
862720
829020
970008
1262384
1113145
1242226
1137633
1102733
965789
806302
745686
790800
499892
1105525
1075280
1408072
1133814
1125130
944196
1075108
944681
1021385
1310506
1080062
1400432
1508946
1365392
1492749
1603584
1549653
1742037
1383457
1563342
880157
1524588
1864958
1551109
1601620
1321938
1582552
1600525
1499874
1403892
1299288
1449238
1643066
1374409
1087850
1963349
1294336
2131285
1885585
2231784
1830516
1421994
1648640
2155178
2242560
1968810
600746
1129130
2095786
2222762
2031616
1292970
1815893
2057557
2181802
2080085
1297066
1674581
2086229
2107392
1941504
1350314
1751040
2142890
2225493
2043904
1639765
1501866
2166784
2187264
2309461
1551018
1262933
1961984
2172245
2158592
1630890
1422677
2094421
2219349
2099542
1138688
1541461
2173610
2143573
2045269
1440426
1405610
2274645
2160640
2155861
1647957
1312085
2109440
2179072
2264405
1159850
1615189
2139477
2157909
2282154
1363968
1445888
2159274
2133333
2273962
1506645
1392640
2045269
2142208
2150400
1611093
1340757
2096469
891446
1436362
1615872
1463637
1995496
1139690
1353925
1396912
1500501
2039808
2213205
2271914
1641130
1531904
1838421
2165418
2073258
1751040
1413120
1755818
2194090
2207744
1886890
2039808
1588565
2006357
2144938
1863680
1455445
1657514
2136746
2058922
1867776
1413802
2109440
1995146
1095986
821990
1148321
132649
1548321
718034
404400
616036
540997
324868
1414501
2020202
2016608
2052554
2051760
1975381
2014810
1997286
1695793
1307904
1132544
1456481
1075194
994114
861821
934164
1264424
884288
862720
829020
970008
1262384
1113145
1242226
1137633
1102733
965789
806302
745686
790800
499892
1105525
1075280
1408072
1133814
1125130
944196
1075108
944681
1021385
1310506
1080062
1400432
1508946
1365392
1492749
1603584
1549653
1742037
1383457
1563342
880157
1524588
1864958
1551109
1601620
1321938
1582552
1600525
1499874
1403892
1299288
1449238
1643066
1374409
1087850
1963349
1294336
2131285
1885585
2231784
1830516
1421994
1648640
2155178
2242560
1968810
600746
1129130
2095786
2222762
2031616
1292970
1815893
2057557
2181802
2080085
1297066
1674581
2086229
2107392
1941504
1350314
1751040
2142890
2225493
2043904
1639765
1501866
2166784
2187264
2309461
1551018
1262933
1961984
2172245
2158592
1630890
1422677
2094421
2219349
2099542
1138688
1541461
2173610
2143573
2045269
1440426
1405610
2274645
2160640
2155861
1647957
1312085
2109440
2179072
2264405
1159850
1615189
2139477
2157909
2282154
1363968
1445888
2159274
2133333
2273962
1506645
1392640
2045269
2142208
2150400
1611093
1340757
2096469
891446
1436362
1615872
1463637
1995496
1139690
1353925
1396912
1500501
2039808
2213205
2271914
1641130
1531904
1838421
2165418
2073258
1751040
1413120
1755818
2194090
2207744
1886890
2039808
1588565
2006357
2144938
1863680
1455445
1657514
2136746
2058922
1867776
1413802
2109440
1995146
1095986
821990
1148321
132649
1548321
718034
404400
616036
540997
324868
1414501
2020202
2016608
2052554
2051760
1975381
2014810
1997286
1695793
1307904
1132544
1456481
1075194
994114
861821
934164
1264424
884288
862720
829020
970008
1262384
1113145
1242226
1137633
1102733
965789
806302
745686
790800
499892
1105525
1075280
1408072
1133814
1125130
944196
1075108
944681
1021385
1310506
1080062
1400432
1508946
1365392
1492749
1603584
1549653
1742037
1383457
1563342
880157
1524588
1864958
1551109
1601620
1321938
1582552
1600525
1499874
1403892
1299288
1449238
1643066
1374409
1087850
1963349
1294336
2131285
1885585
2231784
1830516
1421994
1648640
2155178
2242560
1968810
600746
1129130
2095786
2222762
2031616
1292970
1815893
2057557
2181802
2080085
1297066
1674581
2086229
2107392
1941504
1350314
1751040
2142890
2225493
2043904
1639765
1501866
2166784
2187264
2309461
1551018
1262933
1961984
2172245
2158592
1630890
1422677
2094421
2219349
2099542
1138688
1541461
2173610
2143573
2045269
1440426
1405610
2274645
2160640
2155861
1647957
1312085
2109440
2179072
2264405
1159850
1615189
2139477
2157909
2282154
1363968
1445888
2159274
2133333
2273962
1506645
1392640
2045269
2142208
2150400
1611093
1340757
2096469
891446
1436362
1615872
1463637
1995496
1139690
1353925
1396912
1500501
2039808
2213205
2271914
1641130
1531904
1838421
2165418
2073258
1751040
1413120
1755818
2194090
2207744
1886890
2039808
1588565
2006357
2144938
1863680
1455445
1657514
2136746
2058922
1867776
1413802
2109440
1995146
1095986
821990
1148321
132649
1548321
718034
404400
616036
540997
324868
1414501
2020202
2016608
2052554
2051760
1975381
2014810
1997286
1695793
1307904
1132544
1456481
1075194
994114
861821
934164
1264424
884288
862720
829020
970008
1262384
1113145
1242226
1137633
1102733
965789
806302
745686
790800
499892
1105525
1075280
1408072
1133814
1125130
944196
1075108
944681
1021385
1310506
1080062
1400432
1508946
1365392
1492749
1603584
1549653
1742037
1383457
1563342
880157
1524588
1864958
1551109
1601620
1321938
1582552
1600525
1499874
1403892
1299288
1449238
1643066
1374409
1087850
1963349
1294336
2131285
1885585
2231784
1830516
1421994
1648640
2155178
2242560
1968810
600746
1129130
2095786
2222762
2031616
1292970
1815893
2057557
2181802
2080085
1297066
1674581
2086229
2107392
1941504
1350314
1751040
2142890
2225493
2043904
1639765
1501866
2166784
2187264
2309461
1551018
1262933
1961984
2172245
2158592
1630890
1422677
2094421
2219349
2099542
1138688
1541461
2173610
2143573
2045269
1440426
1405610
2274645
2160640
2155861
1647957
1312085
2109440
2179072
2264405
1159850
1615189
2139477
2157909
2282154
1363968
1445888
2159274
2133333
2273962
1506645
1392640
2045269
2142208
2150400
1611093
1340757
2096469
891446
1436362
1615872
1463637
1995496
