2705885
2616018
2425174
2353036
2295644
1967181
1859790
1407873
2562048
2179865
1554033
1143104
1051684
2233849
1653981
1601466
1666109
962560
2163860
1678900
1639666
1539865
1372073
832853
2440082
1512654
1645458
1294412
1295701
2001884
1457593
1490326
1300018
1157696
1635590
1194328
1232322
909326
1535189
2399826
1927941
1652016
2026392
2372581
2383264
2095690
1421038
1948725
1273856
1399466
2671957
2614613
2527232
1425408
1467733
2376362
2618026
2488320
1145514
1392640
2368853
2737493
2452138
1254741
1288192
2631680
2377045
2494464
1540096
1510058
2472618
2586624
2584576
1289557
1359872
2183168
2757973
2626901
1515520
1358506
2273280
2545664
2537472
2039125
309930
1129130
2468522
2689706
1885525
1721685
2222762
2685610
2572970
1976320
1277269
1571498
2392064
2538154
2051413
948906
2281472
2323797
2379093
2063018
1606997
1502549
2425514
2404352
1698474
1107285
2059605
2463744
2364757
1884160
1246549
2325162
2375680
2439850
2135381
1391274
1305941
2527914
2395477
2165418
1588565
1814528
2482176
2440533
1295849
1487530
2045952
2519722
2714282
2189268
1880746
1348949
2338816
2484224
2223300
1619776
1415537
1298124
1155236
1478296
1660928
2233002
2566144
2592768
2218666
1523712
1309354
2543616
2808490
2537472
1156437
1547605
2528597
2592768
2520405
1626112
1557845
2497194
2525184
2437120
1236992
1915562
2636458
2122410
2637141
1639765
1518250
598016
2491733
2638506
1224704
1996800
2591402
2435754
2454869
1773568
1600853
2191360
1919658
2598229
2297022
1089949
1032850
2134016
2577749
2130533
1713360
1119686
609529
1093997
2120444
2227073
1861017
1918293
1697109
2321749
2400256
2334037
1819306
1353728
1992021
1979733
2042538
1376256
2310144
2465109
2480810
1347584
940714
2390016
2327210
2578332
1135492
1867776
1622592
1325982
865202
1064960
1471681
1988393
1822012
1970241
1369549
2016597
2376580
1974525
1960940
1079978
1912832
2456234
892882
2223232
1096326
1232896
2386602
2517674
2662400
1668437
1340074
2501973
2014108
2401422
1561128
1231530
2510848
2231614
1481546
1153496
1150633
920684
1201966
968546
1138396
1156342
1267342
1118390
924728
962910
1873117
1305946
1165101
879957
969346
2019328
2463061
2108524
1409774
1065078
129706
1137322
2099493
579640
1427670
1161638
883821
811712
579424
814010
589922
947194
970560
1306956
1100278
1351438
1429546
1185357
817104
883657
734841
1469769
1398325
1456289
1453982
1474560
1660276
1537136
1575653
1025248
1258532
1405212
1116672
1254460
1207406
1523996
1266782
1083325
1024480
982148
727116
1665990
1616614
1714846
1853094
1260202
2615978
2461013
2726570
1995434
2323797
1213781
1925802
2487637
2613930
2387285
2215936
1449984
1299797
2593450
1770724
1537169
1080416
1822720
1162725
1096581
845688
1456810
2181802
2317498
2278434
2005500
1390314
1049258
1612178
833176
1405766
1217305
1609372
1105956
1163808
1318758
1206686
902380
659405
823498
757921
963042
1464256
1331245
1197818
922585
779126
592584
1177253
1185574
1139725
861821
901665
849836
547737
1876754
1198892
1233114
1012028
1023884
644922
850684
1325888
1259281
1324912
1282154
1160373
1355210
1035082
1085442
1245154
1106118
1379169
1425518
1445429
1484405
1006506
1568085
1328568
1327581
1336032
1224338
1369446
1258048
1301121
1318344
1255016
1351566
1210504
1157482
1128328
1138785
1098842
1095924
1132053
1020253
922032
1016409
1005141
996794
2705885
2616018
2425174
2353036
2295644
1967181
1859790
1407873
2562048
2179865
1554033
1143104
1051684
2233849
1653981
1601466
1666109
962560
2163860
1678900
1639666
1539865
1372073
832853
2440082
1512654
1645458
1294412
1295701
2001884
1457593
1490326
1300018
1157696
1635590
1194328
1232322
909326
1535189
2399826
1927941
1652016
2026392
2372581
2383264
2095690
1421038
1948725
1273856
1399466
2671957
2614613
2527232
1425408
1467733
2376362
2618026
2488320
1145514
1392640
2368853
2737493
2452138
1254741
1288192
2631680
2377045
2494464
1540096
1510058
2472618
2586624
2584576
1289557
1359872
2183168
2757973
2626901
1515520
1358506
2273280
2545664
2537472
2039125
309930
1129130
2468522
2689706
1885525
1721685
2222762
2685610
2572970
1976320
1277269
1571498
2392064
2538154
2051413
948906
2281472
2323797
2379093
2063018
1606997
1502549
2425514
2404352
1698474
1107285
2059605
2463744
2364757
1884160
1246549
2325162
2375680
2439850
2135381
1391274
1305941
2527914
2395477
2165418
1588565
1814528
2482176
2440533
1295849
1487530
2045952
2519722
2714282
2189268
1880746
1348949
2338816
2484224
2223300
1619776
1415537
1298124
1155236
1478296
1660928
2233002
2566144
2592768
2218666
1523712
1309354
2543616
2808490
2537472
1156437
1547605
2528597
2592768
2520405
1626112
1557845
2497194
2525184
2437120
1236992
1915562
2636458
2122410
2637141
1639765
1518250
598016
2491733
2638506
1224704
1996800
2591402
2435754
2454869
1773568
1600853
2191360
1919658
2598229
2297022
1089949
1032850
2134016
2577749
2130533
1713360
1119686
609529
1093997
2120444
2227073
1861017
1918293
1697109
2321749
2400256
2334037
1819306
1353728
1992021
1979733
2042538
1376256
2310144
2465109
2480810
1347584
940714
2390016
2327210
2578332
1135492
1867776
1622592
1325982
865202
1064960
1471681
1988393
1822012
1970241
1369549
2016597
2376580
1974525
1960940
1079978
1912832
2456234
892882
2223232
1096326
1232896
2386602
2517674
2662400
1668437
1340074
2501973
2014108
2401422
1561128
1231530
2510848
2231614
1481546
1153496
1150633
920684
1201966
968546
1138396
1156342
1267342
1118390
924728
962910
1873117
1305946
1165101
879957
969346
2019328
2463061
2108524
1409774
1065078
129706
1137322
2099493
579640
1427670
1161638
883821
811712
579424
814010
589922
947194
970560
1306956
1100278
1351438
1429546
1185357
817104
883657
734841
1469769
1398325
1456289
1453982
1474560
1660276
1537136
1575653
1025248
1258532
1405212
1116672
1254460
1207406
1523996
1266782
1083325
1024480
982148
727116
1665990
1616614
1714846
1853094
1260202
2615978
2461013
2726570
1995434
2323797
1213781
1925802
2487637
2613930
2387285
2215936
1449984
1299797
2593450
1770724
1537169
1080416
1822720
1162725
1096581
845688
1456810
2181802
2317498
2278434
2005500
1390314
1049258
1612178
833176
1405766
1217305
1609372
1105956
1163808
1318758
1206686
902380
659405
823498
757921
963042
1464256
1331245
1197818
922585
779126
592584
1177253
1185574
1139725
861821
901665
849836
547737
1876754
1198892
1233114
1012028
1023884
644922
850684
1325888
1259281
1324912
1282154
1160373
1355210
1035082
1085442
1245154
1106118
1379169
1425518
1445429
1484405
1006506
1568085
1328568
1327581
1336032
1224338
1369446
1258048
1301121
1318344
1255016
1351566
1210504
1157482
1128328
1138785
1098842
1095924
1132053
1020253
922032
1016409
1005141
996794
2705885
2616018
2425174
2353036
2295644
1967181
1859790
1407873
2562048
2179865
1554033
1143104
1051684
2233849
1653981
1601466
1666109
962560
2163860
1678900
1639666
1539865
1372073
832853
2440082
1512654
1645458
1294412
1295701
2001884
1457593
1490326
1300018
1157696
1635590
1194328
1232322
909326
1535189
2399826
1927941
1652016
2026392
2372581
2383264
2095690
1421038
1948725
1273856
1399466
2671957
2614613
2527232
1425408
1467733
2376362
2618026
2488320
1145514
1392640
2368853
2737493
2452138
1254741
1288192
2631680
2377045
2494464
1540096
1510058
2472618
2586624
2584576
1289557
1359872
2183168
2757973
2626901
1515520
1358506
2273280
2545664
2537472
2039125
309930
1129130
2468522
2689706
1885525
1721685
2222762
2685610
2572970
1976320
1277269
1571498
2392064
2538154
2051413
948906
2281472
2323797
2379093
2063018
1606997
1502549
2425514
2404352
1698474
1107285
2059605
2463744
2364757
1884160
1246549
2325162
2375680
2439850
2135381
1391274
1305941
2527914
2395477
2165418
1588565
1814528
2482176
2440533
1295849
1487530
2045952
2519722
2714282
2189268
1880746
1348949
2338816
2484224
2223300
1619776
1415537
1298124
1155236
1478296
1660928
2233002
2566144
2592768
2218666
1523712
1309354
2543616
2808490
2537472
1156437
1547605
2528597
2592768
2520405
1626112
1557845
2497194
2525184
2437120
1236992
1915562
2636458
2122410
2637141
1639765
1518250
598016
2491733
2638506
1224704
1996800
2591402
2435754
2454869
1773568
1600853
2191360
1919658
2598229
2297022
1089949
1032850
2134016
2577749
2130533
1713360
1119686
609529
1093997
2120444
2227073
1861017
1918293
1697109
2321749
2400256
2334037
1819306
1353728
1992021
1979733
2042538
1376256
2310144
2465109
2480810
1347584
940714
2390016
2327210
2578332
1135492
1867776
1622592
1325982
865202
1064960
1471681
1988393
1822012
1970241
1369549
2016597
2376580
1974525
1960940
1079978
1912832
2456234
892882
2223232
1096326
1232896
2386602
2517674
2662400
1668437
1340074
2501973
2014108
2401422
1561128
1231530
2510848
2231614
1481546
1153496
1150633
920684
1201966
968546
1138396
1156342
1267342
1118390
924728
962910
1873117
1305946
1165101
879957
969346
2019328
2463061
