10000
235900
223318
134800
145134
354074
496962
505949
681872
871257
882041
938208
1075254
961824
1007154
1042453
1053686
1048744
956630
966066
1076602
1010550
1013696
995506
1059398
398261
982885
1410457
898217
866418
820378
810597
489773
487077
651982
412488
413836
799148
355189
306525
756813
435569
346720
10000
10000
485254
714914
622302
862744
1107606
859574
739153
770669
887370
697652
912214
1055268
598078
1250645
1720244
1587225
1848628
1074517
2444629
1885180
1704638
2012900
1366578
1789952
1594485
1437849
1507098
1050285
1571540
1255437
1392933
1398412
1385908
1667890
1356954
1391168
1053004
1023501
1786646
1477624
1179968
1432274
850985
1291384
1127377
1377906
943798
841922
981921
953338
820854
1092104
926974
781390
505050
1414501
1729484
1318278
1795558
1632765
1629480
1465804
1454461
1142101
2280106
2562730
2590037
2243242
1110016
1780394
2146304
2498560
2070528
1744213
1606314
1594486
996388
1348449
1049765
892928
2138112
1931274
1626381
1390276
1699840
2456234
2162933
2416205
1262933
1340074
2461696
2644650
2460330
1693013
1189205
2306048
2625536
2654208
1605632
1637034
2221397
2575018
2607104
1699840
1383082
2192725
2607104
2482176
1855488
1558528
2345642
2465792
2528597
1906176
1189205
1897813
2307753
1858397
1552305
1500501
2196821
2045150
1998906
1608198
10000
235900
223318
134800
145134
354074
496962
505949
681872
871257
882041
938208
1075254
961824
1007154
1042453
1053686
1048744
956630
966066
1076602
1010550
1013696
995506
1059398
398261
982885
1410457
898217
866418
820378
810597
489773
487077
651982
412488
413836
799148
355189
306525
756813
435569
346720
10000
10000
485254
714914
622302
862744
1107606
859574
739153
770669
887370
697652
912214
1055268
598078
1250645
1720244
1587225
1848628
1074517
2444629
1885180
1704638
2012900
1366578
1789952
1594485
1437849
1507098
1050285
1571540
1255437
1392933
1398412
1385908
1667890
1356954
1391168
1053004
1023501
1786646
1477624
1179968
1432274
850985
1291384
1127377
1377906
943798
841922
981921
953338
820854
1092104
926974
781390
505050
1414501
1729484
1318278
1795558
1632765
1629480
1465804
1454461
1142101
2280106
2562730
2590037
2243242
1110016
1780394
2146304
2498560
2070528
1744213
1606314
1594486
996388
1348449
1049765
892928
2138112
1931274
1626381
1390276
1699840
2456234
2162933
2416205
1262933
1340074
2461696
2644650
2460330
1693013
1189205
2306048
2625536
2654208
1605632
1637034
2221397
2575018
2607104
1699840
1383082
2192725
2607104
2482176
1855488
1558528
2345642
2465792
2528597
1906176
1189205
1897813
2307753
1858397
1552305
1500501
2196821
2045150
1998906
1608198
10000
235900
223318
134800
145134
354074
496962
505949
681872
871257
882041
938208
1075254
961824
1007154
1042453
1053686
1048744
956630
966066
1076602
1010550
1013696
995506
1059398
398261
982885
1410457
898217
866418
820378
810597
489773
487077
651982
412488
413836
799148
355189
306525
756813
435569
346720
10000
10000
485254
714914
622302
862744
1107606
859574
739153
770669
887370
697652
912214
1055268
598078
1250645
1720244
1587225
1848628
1074517
2444629
1885180
1704638
2012900
1366578
1789952
1594485
1437849
1507098
1050285
1571540
1255437
1392933
1398412
1385908
1667890
1356954
1391168
1053004
1023501
1786646
1477624
1179968
1432274
850985
1291384
1127377
1377906
943798
841922
981921
953338
820854
1092104
926974
781390
505050
1414501
1729484
1318278
1795558
1632765
1629480
1465804
1454461
1142101
2280106
2562730
2590037
2243242
1110016
1780394
2146304
2498560
2070528
1744213
1606314
1594486
996388
1348449
1049765
892928
2138112
1931274
1626381
1390276
1699840
2456234
2162933
2416205
1262933
1340074
2461696
2644650
2460330
1693013
1189205
2306048
2625536
2654208
1605632
1637034
2221397
2575018
2607104
1699840
1383082
2192725
2607104
2482176
1855488
1558528
2345642
2465792
2528597
1906176
1189205
1897813
2307753
1858397
1552305
1500501
2196821
2045150
1998906
1608198
10000
235900
223318
134800
145134
354074
496962
505949
681872
871257
882041
938208
1075254
961824
1007154
1042453
1053686
1048744
956630
966066
1076602
1010550
1013696
995506
1059398
398261
982885
1410457
898217
866418
820378
810597
489773
487077
651982
412488
413836
799148
355189
306525
756813
435569
346720
10000
10000
485254
714914
622302
862744
1107606
859574
739153
770669
887370
697652
912214
1055268
598078
1250645
1720244
1587225
1848628
1074517
2444629
1885180
1704638
2012900
1366578
1789952
1594485
1437849
1507098
1050285
1571540
1255437
1392933
1398412
1385908
1667890
1356954
1391168
1053004
1023501
1786646
1477624
1179968
1432274
850985
1291384
1127377
1377906
943798
841922
981921
953338
820854
1092104
926974
781390
505050
1414501
1729484
1318278
1795558
1632765
1629480
1465804
1454461
1142101
2280106
2562730
2590037
2243242
1110016
1780394
2146304
2498560
2070528
1744213
1606314
1594486
996388
1348449
1049765
892928
2138112
1931274
1626381
1390276
1699840
2456234
2162933
2416205
1262933
1340074
2461696
2644650
2460330
1693013
1189205
2306048
2625536
2654208
1605632
1637034
2221397
2575018
2607104
1699840
1383082
2192725
2607104
2482176
1855488
1558528
2345642
2465792
2528597
1906176
1189205
1897813
2307753
1858397
1552305
1500501
2196821
2045150
1998906
1608198
10000
235900
223318
134800
145134
354074
496962
505949
681872
871257
882041
938208
1075254
961824
1007154
1042453
1053686
1048744
956630
966066
1076602
1010550
1013696
995506
1059398
398261
982885
1410457
898217
866418
820378
810597
489773
487077
651982
412488
413836
799148
355189
306525
756813
435569
346720
10000
10000
485254
714914
622302
862744
1107606
859574
739153
770669
887370
697652
912214
1055268
598078
1250645
1720244
1587225
1848628
1074517
2444629
1885180
1704638
2012900
1366578
1789952
1594485
1437849
1507098
1050285
1571540
1255437
1392933
1398412
1385908
1667890
1356954
1391168
1053004
1023501
1786646
1477624
1179968
1432274
850985
1291384
1127377
1377906
943798
841922
981921
953338
820854
1092104
926974
781390
505050
1414501
1729484
1318278
1795558
1632765
1629480
1465804
1454461
1142101
2280106
2562730
2590037
2243242
1110016
1780394
2146304
2498560
2070528
1744213
1606314
1594486
996388
1348449
1049765
892928
2138112
1931274
1626381
1390276
1699840
2456234
2162933
2416205
1262933
1340074
2461696
2644650
2460330
1693013
1189205
2306048
2625536
2654208
1605632
1637034
2221397
2575018
2607104
1699840
1383082
2192725
2607104
2482176
1855488
1558528
2345642
2465792
2528597
1906176
1189205
1897813
2307753
1858397
1552305
1500501
2196821
2045150
1998906
1608198
10000
235900
223318
134800
145134
354074
496962
505949
681872
871257
882041
938208
1075254
961824
1007154
1042453
1053686
1048744
956630
966066
1076602
1010550
1013696
995506
1059398
398261
982885
1410457
898217
866418
820378
810597
489773
487077
651982
412488
413836
799148
355189
306525
756813
435569
346720
10000
10000
485254
714914
622302
862744
1107606
859574
739153
770669
887370
697652
912214
1055268
598078
1250645
1720244
1587225
1848628
1074517
2444629
1885180
1704638
2012900
1366578
1789952
1594485
1437849
1507098
1050285
1571540
1255437
1392933
1398412
1385908
1667890
1356954
1391168
1053004
1023501
1786646
1477624
1179968
1432274
850985
1291384
1127377
1377906
943798
841922
981921
953338
820854
1092104
926974
781390
505050
1414501
1729484
1318278
1795558
1632765
1629480
1465804
1454461
1142101
2280106
2562730
2590037
2243242
1110016
1780394
2146304
2498560
2070528
1744213
1606314
1594486
996388
1348449
1049765
892928
2138112
1931274
1626381
1390276
1699840
2456234
2162933
2416205
1262933
1340074
2461696
2644650
2460330
1693013
1189205
2306048
2625536
2654208
1605632
1637034
2221397
2575018
2607104
1699840
1383082
2192725
2607104
2482176
1855488
1558528
2345642
2465792
2528597
1906176
1189205
1897813
2307753
1858397
1552305
1500501
2196821
2045150
1998906
1608198
10000
235900
223318
134800
145134
354074
496962
505949
681872
871257
882041
938208
1075254
961824
1007154
1042453
1053686
1048744
956630
966066
1076602
1010550
1013696
995506
1059398
398261
982885
1410457
898217
866418
820378
810597
489773
487077
651982
412488
413836
799148
355189
306525
756813
435569
346720
10000
10000
485254
714914
622302
862744
1107606
859574
739153
770669
887370
697652
912214
1055268
598078
1250645
1720244
1587225
1848628
1074517
2444629
1885180
1704638
2012900
1366578
1789952
1594485
1437849
1507098
1050285
1571540
1255437
1392933
1398412
1385908
1667890
1356954
1391168
1053004
1023501
1786646
1477624
1179968
1432274
850985
1291384
1127377
1377906
