1601864
1515549
1512649
1742045
1672357
1537480
1488434
1003361
845464
751233
892376
898666
748140
751734
619181
128958
1174108
156368
954833
1056832
970110
1331824
1862037
1804073
1552446
1455840
1312502
1354074
1588325
1921074
2185340
2032298
2098317
1321722
947194
1360633
1598909
1052561
1857536
2383872
1656336
1754180
2014361
2051025
1801109
2080862
2125796
1617600
2359000
1855393
1908222
2276772
2338033
1444522
2472618
2564096
2411861
1811114
1512789
1852757
2434389
2364757
2065749
1346218
1558528
2521770
1745284
1657050
1349957
1751040
1724653
1566288
1134324
1115244
1671850
1686502
1278906
1550294
1407310
1558528
1735269
1686917
1426313
1155665
1536000
1192994
1297320
1324366
1158982
415061
2125533
1296776
1082461
1136482
984802
1443606
1448752
1120077
1126664
1202212
900826
913710
997909
1154665
1306437
1263836
1139370
1069862
936194
909666
877098
811496
1059977
544454
1978390
1359394
1175006
1261278
1158178
1269569
1483698
1775616
945910
2201600
1408484
1636184
1578753
1565232
1482284
1391924
1415793
1513372
1735214
1338858
1536968
1286356
1337301
1423488
1233734
1335296
1526858
1319572
1262773
1121572
1479653
1398888
1160686
1097704
323350
1742165
1512629
1222981
1075254
1063818
851620
1867182
1781240
1934152
1842733
1082709
2025472
2408448
1372976
1373725
1315218
2016597
2445994
2144057
1596330
1728558
1321642
2162688
2394794
1852496
1740786
1145426
1593640
1303516
1338114
1128561
1303010
1579517
1203424
1058180
1109914
1119505
1388162
1277022
1146750
1025664
982962
1032116
877158
765120
602184
504601
503702
471350
506398
539200
471350
461768
430608
327365
439646
425968
336101
294762
365308
419677
434954
339246
10000
10000
867213
282181
10000
6290
940904
291617
307577
64920
10000
10000
10000
411345
268945
109637
90765
10000
10000
10000
452478
69646
123350
206460
95708
34598
39092
39990
108289
91664
89417
75038
79082
122668
76836
89417
100201
128958
147381
219724
278586
310938
381484
462364
394514
452928
651982
531112
10000
715028
659932
10000
844746
383281
266705
357418
356338
243521
203997
190068
210737
208041
142438
131654
119972
136597
490129
1462224
471134
1079964
704554
820932
644577
394368
1151209
1118321
1453301
1742573
1051370
1165173
1053686
950322
1038876
984334
1191320
973809
1252444
1377650
1328102
1264708
1451837
1670422
1641564
1459012
1470366
1572990
1382598
1090114
1813477
1473348
1055937
696320
2374314
1482224
1245184
1529173
1975637
1510806
1683358
1107377
1862810
1431549
1582984
1764257
1614945
1251776
1522857
1317229
1347421
1115141
1327662
596252
1402040
1959104
1224088
1173808
1301482
1233402
1272961
1242945
1209732
1227414
1242425
1231318
1279286
1263406
1399757
1368686
1398757
1328678
1330476
1348449
1333621
1469769
1373413
1353876
1322102
1606366
1466174
1721690
1815910
2008969
2012564
2031885
1958194
1864102
1785382
1952604
2217477
2272278
2258781
2129338
2309610
2572845
2649718
2777778
3036612
3074770
2853966
2908733
3272045
3288022
3203496
3059061
2806086
2900896
2829901
2878878
3323269
3340629
3629014
3626984
3524945
3038086
3287702
3128596
3246684
3515618
3610436
3735145
3396553
2452866
2683868
2567438
2696648
3290468
2228996
2265236
1217460
1334520
2175465
2839702
2085646
2542777
2583884
4141340
3549838
3416124
3383480
3290917
3244653
3244636
2977766
3426797
3753170
4267296
3707133
3771281
3616540
3490705
2918020
2764298
1905622
3287106
2626336
1812870
1804712
1474729
1765061
2648040
1936860
1513570
2247565
1443708
1495217
1969358
2017506
2372984
2680218
2998237
2625169
2554909
2769526
2934760
2813725
2574680
2531794
2534888
2311405
2061074
2149516
2263602
2081726
2529746
3673749
1601864
1515549
1512649
1742045
1672357
1537480
1488434
1003361
845464
751233
892376
898666
748140
751734
619181
128958
1174108
156368
954833
1056832
970110
1331824
1862037
1804073
1552446
1455840
1312502
1354074
1588325
1921074
2185340
2032298
2098317
1321722
947194
1360633
1598909
1052561
1857536
2383872
1656336
1754180
2014361
2051025
1801109
2080862
2125796
1617600
2359000
1855393
1908222
2276772
2338033
1444522
2472618
2564096
2411861
1811114
1512789
1852757
2434389
2364757
2065749
1346218
1558528
2521770
1745284
1657050
1349957
1751040
1724653
1566288
1134324
1115244
1671850
1686502
1278906
1550294
1407310
1558528
1735269
1686917
1426313
1155665
1536000
1192994
1297320
1324366
1158982
415061
2125533
1296776
1082461
1136482
984802
1443606
1448752
1120077
1126664
1202212
900826
913710
997909
1154665
1306437
1263836
1139370
1069862
936194
909666
877098
811496
1059977
544454
1978390
1359394
1175006
1261278
1158178
1269569
1483698
1775616
945910
2201600
1408484
1636184
1578753
1565232
1482284
1391924
1415793
1513372
1735214
1338858
1536968
1286356
1337301
1423488
1233734
1335296
1526858
1319572
1262773
1121572
1479653
1398888
1160686
1097704
323350
1742165
1512629
1222981
1075254
1063818
851620
1867182
1781240
1934152
1842733
1082709
2025472
2408448
1372976
1373725
1315218
2016597
2445994
2144057
1596330
1728558
1321642
2162688
2394794
1852496
1740786
1145426
1593640
1303516
1338114
1128561
1303010
1579517
1203424
1058180
1109914
1119505
1388162
1277022
1146750
1025664
982962
1032116
877158
765120
602184
504601
503702
471350
506398
539200
471350
461768
430608
327365
439646
425968
336101
294762
365308
419677
434954
339246
10000
10000
867213
282181
10000
6290
940904
291617
307577
64920
10000
10000
10000
411345
268945
109637
90765
10000
10000
10000
452478
69646
123350
206460
95708
34598
39092
39990
108289
91664
89417
75038
79082
122668
76836
89417
100201
128958
147381
219724
278586
310938
381484
462364
394514
452928
651982
531112
10000
715028
659932
10000
844746
383281
266705
357418
356338
243521
203997
190068
210737
208041
142438
131654
119972
136597
490129
1462224
471134
1079964
704554
820932
644577
394368
1151209
1118321
1453301
1742573
1051370
1165173
1053686
950322
1038876
984334
1191320
973809
1252444
1377650
1328102
1264708
1451837
1670422
1641564
1459012
1470366
1572990
1382598
1090114
1813477
1473348
1055937
696320
2374314
1482224
1245184
1529173
1975637
1510806
1683358
1107377
1862810
1431549
1582984
1764257
1614945
1251776
1522857
1317229
1347421
1115141
1327662
596252
1402040
1959104
1224088
1173808
1301482
1233402
1272961
1242945
1209732
1227414
1242425
1231318
1279286
1263406
1399757
1368686
1398757
1328678
1330476
1348449
1333621
1469769
1373413
1353876
1322102
1606366
1466174
1721690
1815910
2008969
2012564
2031885
1958194
1864102
1785382
1952604
2217477
2272278
2258781
2129338
2309610
2572845
2649718
2777778
3036612
3074770
2853966
2908733
3272045
3288022
3203496
3059061
2806086
2900896
2829901
2878878
3323269
3340629
3629014
3626984
3524945
3038086
3287702
3128596
3246684
3515618
3610436
3735145
3396553
2452866
2683868
2567438
2696648
3290468
2228996
2265236
1217460
1334520
2175465
2839702
2085646
2542777
2583884
4141340
3549838
3416124
3383480
3290917
3244653
3244636
2977766
3426797
3753170
4267296
3707133
3771281
3616540
3490705
2918020
2764298
1905622
3287106
2626336
1812870
1804712
1474729
1765061
2648040
1936860
1513570
2247565
1443708
1495217
1969358
2017506
2372984
2680218
2998237
2625169
2554909
2769526
2934760
2813725
2574680
2531794
2534888
2311405
2061074
2149516
2263602
2081726
2529746
3673749
1601864
1515549
1512649
1742045
1672357
1537480
1488434
1003361
845464
751233
892376
898666
748140
751734
619181
128958
1174108
156368
954833
1056832
970110
1331824
1862037
1804073
1552446
1455840
1312502
1354074
1588325
1921074
2185340
2032298
2098317
1321722
947194
1360633
1598909
1052561
1857536
2383872
1656336
1754180
2014361
2051025
1801109
2080862
2125796
1617600
2359000
1855393
1908222
2276772
2338033
1444522
2472618
2564096
2411861
1811114
1512789
1852757
2434389
2364757
2065749
1346218
1558528
2521770
1745284
1657050
1349957
1751040
1724653
1566288
1134324
1115244
1671850
1686502
1278906
1550294
1407310
1558528
1735269
1686917
1426313
1155665
1536000
1192994
1297320
1324366
1158982
415061
2125533
1296776
1082461
1136482
984802
1443606
1448752
1120077
1126664
1202212
900826
913710
997909
1154665
1306437
1263836
1139370
1069862
936194
909666
877098
811496
1059977
544454
1978390
1359394
1175006
1261278
1158178
1269569
1483698
1775616
945910
2201600
1408484
1636184
1578753
1565232
1482284
1391924
1415793
1513372
1735214
1338858
1536968
1286356
1337301
1423488
1233734
1335296
1526858
1319572
1262773
1121572
1479653
1398888
1160686
1097704
323350
1742165
1512629
1222981
1075254
1063818
851620
1867182
1781240
1934152
1842733
1082709
2025472
2408448
1372976
1373725
1315218
2016597
2445994
2144057
1596330
1728558
1321642
