2055717
1582085
1548402
1037510
1560984
1188037
1170513
1086488
955101
811426
1000665
803408
1453326
1391434
1380384
1214484
980445
756677
583234
481685
483500
743197
569288
505949
174790
629965
305097
203781
442360
432708
493368
531112
586250
571482
417050
320953
488425
501222
532097
590570
614238
653780
714206
862737
786368
947410
974120
901146
895504
575596
344189
487976
369801
548428
630173
899816
862253
966300
973308
930716
1051474
1442456
1607741
1957669
1753688
1612458
1501849
1176925
1281610
981845
1086852
1407278
1402834
1349857
1655369
1249673
1792710
1798716
1714172
1767228
1664694
1254220
1140409
1682370
1902796
1198514
1651370
1291424
1520466
2235050
1754453
1418581
2318336
2307465
1043857
1523914
1364650
2193408
2147669
2276693
1747626
1658880
1933312
2218666
2318336
1788586
1582421
1736021
2198186
2195456
1721002
1576960
1930581
2222080
2164053
1728512
1672533
289450
1717589
2262357
1377621
834901
791210
2260309
2334037
1536000
1432234
1716906
2191360
2539520
1771520
1646592
1564672
2148352
2202965
1814528
1528490
1753770
2157226
1755818
1475925
1439061
1673898
2149034
2119680
1974954
1610410
1542144
2043221
2133333
1815893
1490944
1878698
2225493
2274645
1739434
1534634
1602901
2106709
1968445
1570576
1245184
1930581
1504672
1105878
907638
1025272
730330
663665
640300
508196
339696
747924
447302
403501
436302
494716
419012
403717
776448
784150
673486
442826
463262
678778
798629
649952
793073
983740
1088637
1090076
1376081
1355213
1231894
1133104
1018761
898094
700520
834169
633110
490672
720730
696466
474496
291617
396761
526169
733545
737606
552196
467756
229160
10000
10000
10000
1270044
2086229
2315605
2192042
2282837
2303317
1940138
1684821
1596074
2243242
2311509
1732608
1591978
2044586
2281472
2306048
1505962
1477973
2217984
2282154
2359978
1592661
1706666
2519722
2266453
2328576
1837738
1536682
661504
1434965
2267136
1966762
1480704
2003626
2205013
2280106
1931946
1649322
1714858
2119680
2233002
1773568
1706666
1647274
2238464
2314240
2144938
1799509
1428821
1589930
2117632
2307413
2325162
2180437
1949696
1813162
1575594
2105344
2100565
1847978
1637034
1723805
1291505
2196821
2167466
1985194
1890304
1910101
1532586
2064384
1953109
2066432
2052778
1536000
1884842
2243925
2276010
1422677
1432234
2265088
2195456
2349056
1599488
1380352
2042538
2396160
2306730
1350997
1485482
2284202
2209109
2318336
1437696
1317546
2328576
2185216
2404352
1597440
1348949
2260992
2271232
2394112
1490944
600746
768682
2017962
2431658
1617237
1704618
2560000
2292394
1560654
1324254
1246541
1072586
880753
715572
361730
947609
962862
1245161
1309806
1063150
1016813
825529
1167264
1052366
783480
981024
1138844
1252304
1352745
1449501
1637717
1483088
1495960
1494401
1382365
1146768
1153654
929930
1018542
1018189
940454
967198
1033484
1080068
927069
780725
836874
811237
886344
856429
828493
922558
985561
1108781
1282182
1509993
1425500
1146016
1217693
1151330
788208
740640
762018
783549
737540
785700
845645
882794
1007448
987504
982545
896566
910021
936618
973904
881584
941957
996162
1055933
1114978
959144
903040
861941
933714
945397
898168
968034
971890
959542
926500
1024669
935884
1223577
889672
734936
1120729
914752
833244
820249
725216
608405
328912
315881
346885
580988
312969
689942
516733
216129
622378
686330
520993
576926
853768
921972
738513
616917
671969
627718
718044
611766
440346
431576
660321
850138
881626
917521
980886
786048
600784
922285
794850
664330
820033
862953
844513
962273
969213
993673
998973
951418
925790
888453
897422
884062
925082
965712
984489
1059824
1038122
977685
898473
844096
909745
924882
857562
749392
767322
782100
825865
695101
633776
554477
722977
698256
773997
788342
869010
834714
830065
866300
909465
789056
803157
952630
860204
953718
797782
838093
1117405
913332
981074
1081148
942892
972529
1067166
939556
800314
861406
1027988
1067166
909450
820482
759822
854628
828505
143360
815104
858794
1041749
695637
733866
1063594
1783808
1544825
1129641
961194
937984
897024
902485
826026
632832
905216
868352
860842
1215829
717482
844458
983722
1385130
1075882
906581
951637
982357
800580
620529
401704
301502
9885
10000
10000
10000
406318
641976
491156
648802
512240
514037
465742
426184
432042
352942
627718
753981
907653
383281
993294
706533
574248
731298
1005354
1230096
1234517
934613
988398
1369556
1015060
1236497
1106690
1254410
1291902
1290634
2055717
1582085
1548402
1037510
1560984
1188037
1170513
1086488
955101
811426
1000665
803408
1453326
1391434
1380384
1214484
980445
756677
583234
481685
483500
743197
569288
505949
174790
629965
305097
203781
442360
432708
493368
531112
586250
571482
417050
320953
488425
501222
532097
590570
614238
653780
714206
862737
786368
947410
974120
901146
895504
575596
344189
487976
369801
548428
630173
899816
862253
966300
973308
930716
1051474
1442456
1607741
1957669
1753688
1612458
1501849
1176925
1281610
981845
1086852
1407278
1402834
1349857
1655369
1249673
1792710
1798716
1714172
1767228
1664694
1254220
1140409
1682370
1902796
1198514
1651370
1291424
1520466
2235050
1754453
1418581
2318336
2307465
1043857
1523914
1364650
2193408
2147669
2276693
1747626
1658880
1933312
2218666
2318336
1788586
1582421
1736021
2198186
2195456
1721002
1576960
1930581
2222080
2164053
1728512
1672533
289450
1717589
2262357
1377621
834901
791210
2260309
2334037
1536000
1432234
1716906
2191360
2539520
1771520
1646592
1564672
2148352
2202965
1814528
1528490
1753770
2157226
1755818
1475925
1439061
1673898
2149034
2119680
1974954
1610410
1542144
2043221
2133333
1815893
1490944
1878698
2225493
2274645
1739434
1534634
1602901
2106709
1968445
1570576
1245184
1930581
1504672
1105878
907638
1025272
730330
663665
640300
508196
339696
747924
447302
403501
436302
494716
419012
403717
776448
784150
673486
442826
463262
678778
798629
649952
793073
983740
1088637
1090076
1376081
1355213
1231894
1133104
1018761
898094
700520
834169
633110
490672
720730
696466
474496
291617
396761
526169
733545
737606
552196
467756
229160
10000
10000
10000
1270044
2086229
2315605
2192042
2282837
2303317
1940138
1684821
1596074
2243242
2311509
1732608
1591978
2044586
2281472
2306048
1505962
1477973
2217984
2282154
2359978
1592661
1706666
2519722
2266453
2328576
1837738
1536682
661504
1434965
2267136
1966762
1480704
2003626
2205013
2280106
1931946
1649322
1714858
2119680
2233002
1773568
1706666
1647274
2238464
2314240
2144938
1799509
1428821
1589930
2117632
2307413
2325162
2180437
1949696
1813162
1575594
2105344
2100565
1847978
1637034
1723805
1291505
2196821
2167466
1985194
1890304
1910101
1532586
2064384
1953109
2066432
2052778
1536000
1884842
2243925
2276010
1422677
1432234
2265088
2195456
2349056
1599488
1380352
2042538
2396160
2306730
1350997
1485482
2284202
2209109
2318336
1437696
1317546
2328576
2185216
2404352
1597440
1348949
2260992
2271232
2394112
1490944
600746
768682
2017962
2431658
1617237
1704618
2560000
2292394
1560654
1324254
1246541
1072586
880753
715572
361730
947609
962862
1245161
1309806
1063150
1016813
825529
1167264
1052366
783480
981024
1138844
1252304
1352745
1449501
1637717
1483088
1495960
1494401
1382365
1146768
1153654
929930
1018542
1018189
940454
967198
1033484
1080068
927069
780725
836874
811237
886344
856429
828493
922558
985561
1108781
1282182
1509993
1425500
1146016
1217693
1151330
788208
740640
762018
783549
737540
785700
845645
882794
1007448
987504
982545
896566
910021
936618
973904
881584
941957
996162
1055933
1114978
959144
903040
861941
933714
945397
898168
968034
971890
959542
926500
1024669
935884
1223577
889672
734936
1120729
914752
833244
820249
725216
608405
328912
315881
346885
580988
312969
689942
516733
216129
622378
686330
520993
576926
853768
921972
738513
616917
671969
627718
718044
611766
440346
431576
660321
850138
881626
917521
980886
786048
600784
922285
794850
664330
820033
862953
844513
962273
969213
993673
998973
951418
925790
888453
897422
884062
925082
965712
984489
1059824
1038122
977685
898473
844096
909745
924882
857562
749392
767322
782100
825865
695101
633776
554477
722977
698256
773997
788342
869010
834714
830065
866300
909465
789056
803157
952630
860204
953718
797782
838093
1117405
913332
981074
1081148
942892
972529
1067166
939556
800314
861406
1027988
1067166
909450
820482
759822
854628
828505
143360
815104
858794
1041749
695637
733866
1063594
1783808
1544825
1129641
961194
