1064021
1167921
1284540
888781
771505
509561
403933
642097
1148046
902944
998634
733545
357220
729933
658290
746325
627978
683426
586578
645692
163557
1193984
74034
1343956
949225
906754
1100448
1273146
970128
430893
635806
1287340
1120870
1181064
802958
789478
997122
803498
1727094
1273117
1241501
1429520
1380126
1364960
1301934
1399690
1454000
1384013
654214
1752466
2098509
1192014
1129130
2010661
1286873
1334969
1018189
1164672
1186689
1061118
1074113
791509
1069629
1006506
1041105
1191632
1051941
1015890
1112117
1047828
1052278
1074416
97090
1386374
975502
859125
682321
665678
613392
456470
365757
53697
983148
547754
566358
579640
539200
492702
674682
730832
766269
990874
598516
1474544
1300949
1418096
1522877
1232469
1593344
1400694
1131489
1116552
828580
859822
755329
784086
999317
981932
998081
1287556
1162641
1272374
917713
1059534
1162148
1169140
1120328
1112936
1121484
1095804
1125700
1171861
1157414
1133788
311198
1088492
1345684
30720
1041838
694920
649485
737192
884236
912362
611646
630216
758569
742817
564976
505276
585921
423592
546518
569305
724109
1057636
1153982
983869
1053226
1122166
1112221
798828
630096
746842
419245
801144
35497
1129624
1370466
1281309
1592005
1777456
1785300
468472
959146
2370218
2538837
1857449
1577642
1975637
2166536
1873910
1911104
1794048
1575594
2284885
2308082
1908736
1925802
1133226
2088960
2482176
1923072
2079402
1592661
2171562
1449770
2318336
1725098
2212522
1074517
2460330
2450773
2128554
1832277
1185792
2437802
2371881
1777621
1670172
947490
1264128
1335418
1213349
1219246
1242488
1760606
1497522
856878
1555142
1487682
1899861
1526814
1104910
1356537
1274309
1140693
813457
719832
1228168
1074216
1194777
1361222
735366
468205
645242
754405
1194657
1171557
1220838
1445756
1314114
1056249
1283614
604552
928772
685233
1074517
469380
1626248
1105512
1235522
955841
876200
774218
965505
1121630
1042902
686581
926525
838006
773302
680290
953036
779144
759192
773692
629541
569521
798465
729268
650418
811945
745210
463262
972013
334485
338602
2108629
579208
449765
417465
430210
417897
724074
636256
678044
704105
890164
952102
823628
898226
802050
527517
596265
747268
793496
892765
834040
876684
1046894
927392
880725
10000
1188936
10000
1268772
511181
522880
523473
771954
864750
745210
987686
947376
539416
484632
525020
492020
521676
501257
570402
522808
476760
434704
412056
577177
517381
520777
312520
219490
281066
1300740
2259626
2368170
2139477
1959253
1680725
1735338
2281472
2196821
2117632
2030250
1923072
1664341
2493098
2335402
2026837
1779712
1658197
2448042
2170197
2209792
2064384
1810432
1702570
2449408
1989973
1946282
1869141
1776298
1834325
2242560
1954474
2120362
1411072
2057557
1956522
1810432
1646592
1672533
1769472
1542826
1343488
1273856
1440426
1592661
2344960
2384554
1865045
2223445
1318912
2306048
2357248
974848
1230165
1637034
1092949
2353152
2363392
1985877
1958570
1717589
1937408
2234368
2231637
1834957
1283260
1269817
1193662
752400
544142
176588
231406
67538
540858
1200618
618732
640300
218825
273644
917538
522574
552680
931917
2100322
789789
898065
1479357
892376
651084
556724
470901
311224
911014
786946
723582
542872
696466
710612
745677
687030
810364
752253
643592
497861
506398
779525
945924
1191622
1124370
1421708
1071110
1419264
1278244
1615086
1200090
1290188
1946965
1409024
2286933
1901716
1777080
1864362
1149610
2235050
2377045
1929898
1780394
1444522
2140842
2412544
2032298
1828181
1615189
1662293
2409130
2180437
1955840
1912149
1245184
2288298
2403669
1849344
1857536
1828864
1654784
1675984
922930
935149
1386714
1411754
2195456
2315605
1798144
1708032
1466368
2374997
2289664
1959253
1758549
1664341
1848661
2582528
1854161
1620961
1388386
892324
550433
361514
1470945
1347665
1736030
1304337
1410768
1825408
1743854
1126345
1950265
1351820
1458826
1614294
1722048
1186778
669360
447233
627269
1060761
1353524
1631062
1693986
1390686
1700813
1219501
1788509
1418425
1624702
1430356
1473485
1587882
1844232
1659124
1511241
1665654
1185792
2050562
1220570
1485513
1267250
1222544
1366698
1269104
1475992
1127636
1358582
1202858
1901658
1474520
1662146
1587276
1131242
2067797
1729440
1427858
1230569
1236642
874169
1939426
1647376
1422581
1268022
1470456
365969
1585202
2249861
1429848
1517652
1362038
1073152
1521033
1493849
1470089
1501716
995328
2194125
1064021
1167921
1284540
888781
771505
509561
403933
642097
1148046
902944
998634
733545
357220
729933
658290
746325
627978
683426
586578
645692
163557
1193984
74034
1343956
949225
906754
1100448
1273146
970128
430893
635806
1287340
1120870
1181064
802958
789478
997122
803498
1727094
1273117
1241501
1429520
1380126
1364960
1301934
1399690
1454000
1384013
654214
1752466
2098509
1192014
1129130
2010661
1286873
1334969
1018189
1164672
1186689
1061118
1074113
791509
1069629
1006506
1041105
1191632
1051941
1015890
1112117
1047828
1052278
1074416
97090
1386374
975502
859125
682321
665678
613392
456470
365757
53697
983148
547754
566358
579640
539200
492702
674682
730832
766269
990874
598516
1474544
1300949
1418096
1522877
1232469
1593344
1400694
1131489
1116552
828580
859822
755329
784086
999317
981932
998081
1287556
1162641
1272374
917713
1059534
1162148
1169140
1120328
1112936
1121484
1095804
1125700
1171861
1157414
1133788
311198
1088492
1345684
30720
1041838
694920
649485
737192
884236
912362
611646
630216
758569
742817
564976
505276
585921
423592
546518
569305
724109
1057636
1153982
983869
1053226
1122166
1112221
798828
630096
746842
419245
801144
35497
1129624
1370466
1281309
1592005
1777456
1785300
468472
959146
2370218
2538837
1857449
1577642
1975637
2166536
1873910
1911104
1794048
1575594
2284885
2308082
1908736
1925802
1133226
2088960
2482176
1923072
2079402
1592661
2171562
1449770
2318336
1725098
2212522
1074517
2460330
2450773
2128554
1832277
1185792
2437802
2371881
1777621
1670172
947490
1264128
1335418
1213349
1219246
1242488
1760606
1497522
856878
1555142
1487682
1899861
1526814
1104910
1356537
1274309
1140693
813457
719832
1228168
1074216
1194777
1361222
735366
468205
645242
754405
1194657
1171557
1220838
1445756
1314114
1056249
1283614
604552
928772
685233
1074517
469380
1626248
1105512
1235522
955841
876200
774218
965505
1121630
1042902
686581
926525
838006
773302
680290
953036
779144
759192
773692
629541
569521
798465
729268
650418
811945
745210
463262
972013
334485
338602
2108629
579208
449765
417465
430210
417897
724074
636256
678044
704105
890164
952102
823628
898226
802050
527517
596265
747268
793496
892765
834040
876684
1046894
927392
880725
10000
1188936
10000
1268772
511181
522880
523473
771954
864750
745210
987686
947376
539416
484632
525020
492020
521676
501257
570402
522808
476760
434704
412056
577177
517381
520777
312520
219490
281066
1300740
2259626
2368170
2139477
1959253
1680725
1735338
2281472
2196821
2117632
2030250
1923072
1664341
2493098
2335402
2026837
1779712
1658197
2448042
2170197
2209792
2064384
1810432
1702570
2449408
1989973
1946282
1869141
1776298
1834325
2242560
1954474
2120362
1411072
2057557
1956522
1810432
1646592
1672533
1769472
1542826
1343488
1273856
1440426
1592661
2344960
2384554
1865045
2223445
1318912
2306048
2357248
974848
1230165
1637034
1092949
2353152
2363392
1985877
1958570
1717589
1937408
2234368
2231637
1834957
1283260
1269817
1193662
752400
544142
176588
231406
67538
540858
1200618
618732
640300
218825
273644
917538
522574
552680
931917
2100322
789789
898065
1479357
892376
651084
556724
470901
311224
911014
786946
723582
542872
696466
710612
745677
687030
810364
752253
643592
497861
506398
779525
945924
1191622
1124370
1421708
1071110
1419264
1278244
1615086
1200090
1290188
1946965
1409024
2286933
1901716
1777080
1864362
1149610
2235050
2377045
1929898
1780394
1444522
2140842
2412544
2032298
1828181
1615189
1662293
2409130
2180437
1955840
1912149
1245184
2288298
2403669
1849344
1857536
1828864
1654784
1675984
922930
935149
1386714
1411754
2195456
2315605
1798144
1708032
1466368
2374997
2289664
1959253
1758549
1664341
1848661
2582528
1854161
1620961
1388386
892324
550433
361514
1470945
1347665
1736030
1304337
1410768
1825408
1743854
1126345
1950265
1351820
1458826
1614294
1722048
1186778
669360
447233
627269
1060761
1353524
1631062
1693986
1390686
1700813
1219501
1788509
1418425
1624702
1430356
1473485
1587882
1844232
1659124
1511241
1665654
1185792
2050562
1220570
1485513
1267250
1222544
1366698
1269104
1475992
1127636
1358582
1202858
1901658
1474520
1662146
1587276
