1108056
1068852
1491868
2566826
2354930
1629682
2402986
1715668
1001472
2540202
2514261
2026810
1629810
1150293
2547712
1761181
1864742
1525880
1216512
1642962
1588738
1463029
1187064
1268992
1930105
2454541
2089072
1620133
1290240
2120362
2311509
2055924
1229193
522922
1466368
1265293
943444
1033177
1709060
1643576
1964605
1986934
1632120
839680
2374314
2430976
2402304
2395954
2046030
2379220
2286545
1762846
1874618
2036378
2293846
2324073
2609174
2446153
2581869
2783170
3072693
2548761
2387285
938666
1085440
2260992
2478080
2304682
1126400
1897130
2026154
2388650
2449408
1314816
1850026
2505386
2678784
2413909
1279317
1276586
2418005
2489685
2623488
1130496
1669120
2366122
2549077
2570922
1348266
1641813
2407082
2558634
2407082
1269760
1437696
2237781
2424832
2309461
1540096
569344
467626
2197504
2487637
761856
1324373
2346325
2347008
2367488
1439744
1346901
2281472
2276693
2349056
1220608
1463637
2289664
2356565
2419370
1544874
1119573
2273280
2379776
2320384
1641130
1106602
2209792
2207744
2329258
1812480
1100458
2437120
2152613
1491734
1182678
1355776
1620634
1648733
1678260
1378904
1519616
2429610
2508117
2408448
1806336
1062229
2235050
2312874
2358613
1616554
1374890
2049365
2359296
2441216
1845248
1126400
2037760
2323797
2383872
1952426
1172821
1921024
2387968
2270549
2081450
1078613
1751722
2281472
2342912
1533269
1202176
2248704
2262357
2225493
1869141
1512789
1606314
2314240
2372949
1979050
1153024
1951061
2201133
1747440
1454256
1048576
2428245
1571942
303093
2155178
985088
2031853
730422
1816545
1268865
1203548
1341468
1287382
1344370
1157461
1245866
2353152
2239146
2325162
2243170
1365333
1496405
2325162
2422784
2420736
1328469
1444522
1491958
1338521
1012886
897973
1311837
1317004
917494
443042
1149610
1604093
2149205
1705333
1885061
682666
706560
2387285
2536789
2506752
998058
2174976
2356565
2519722
2407917
1034714
1634304
1754668
1454302
1373490
921664
2117989
1640369
1614688
1612069
1188678
1815893
2517285
2092312
1995146
1183744
1342122
2317653
2738858
1676490
1514837
1398101
2243398
1627485
1561632
1122422
1739434
1690297
1541126
1755310
1284096
1637034
2491980
1670348
1994097
1478466
778922
965290
1738752
2260992
1137322
1873920
1409706
2350421
2181802
1056085
1519616
2428245
2133577
1414198
1249077
796452
1495040
1892034
1023581
574096
1996117
1993518
1408124
1361929
1238954
1280682
1645233
1586596
1321394
1219444
1548288
2374314
2104094
1597853
1542396
1137322
2250752
2345074
1955886
1472994
1061546
1776981
2542933
1945089
819065
874496
2577749
2017722
1240213
1414102
1174186
1077657
1925882
1888628
1190154
1247685
1645597
1574092
1483353
875842
1582421
1342700
1276502
731298
931176
1298632
996613
1340369
1259317
1195069
1316185
1077501
938208
408444
1501256
1421572
1430289
1342182
1382117
1654978
1163264
2037077
2544298
2615296
1826497
1190570
1720320
2180437
2382506
2407082
1157802
1613824
2370901
2452821
2306050
835584
1971541
2443946
2461696
2307964
773461
467626
1534634
2199552
2512213
1396736
2060970
2177024
1291605
1028096
1354410
1709397
2439850
1589153
1430116
1001353
1959253
1658885
1487345
1479008
1116781
1773408
1498128
1259032
736457
1045354
2384554
1971077
1174557
1711061
1436032
1748992
1108056
1068852
1491868
2566826
2354930
1629682
2402986
1715668
1001472
2540202
2514261
2026810
1629810
1150293
2547712
1761181
1864742
1525880
1216512
1642962
1588738
1463029
1187064
1268992
1930105
2454541
2089072
1620133
1290240
2120362
2311509
2055924
1229193
522922
1466368
1265293
943444
1033177
1709060
1643576
1964605
1986934
1632120
839680
2374314
2430976
2402304
2395954
2046030
2379220
2286545
1762846
1874618
2036378
2293846
2324073
2609174
2446153
2581869
2783170
3072693
2548761
2387285
938666
1085440
2260992
2478080
2304682
1126400
1897130
2026154
2388650
2449408
1314816
1850026
2505386
2678784
2413909
1279317
1276586
2418005
2489685
2623488
1130496
1669120
2366122
2549077
2570922
1348266
1641813
2407082
2558634
2407082
1269760
1437696
2237781
2424832
2309461
1540096
569344
467626
2197504
2487637
761856
1324373
2346325
2347008
2367488
1439744
1346901
2281472
2276693
2349056
1220608
1463637
2289664
2356565
2419370
1544874
1119573
2273280
2379776
2320384
1641130
1106602
2209792
2207744
2329258
1812480
1100458
2437120
2152613
1491734
1182678
1355776
1620634
1648733
1678260
1378904
1519616
2429610
2508117
2408448
1806336
1062229
2235050
2312874
2358613
1616554
1374890
2049365
2359296
2441216
1845248
1126400
2037760
2323797
2383872
1952426
1172821
1921024
2387968
2270549
2081450
1078613
1751722
2281472
2342912
1533269
1202176
2248704
2262357
2225493
1869141
1512789
1606314
2314240
2372949
1979050
1153024
1951061
2201133
1747440
1454256
1048576
2428245
1571942
303093
2155178
985088
2031853
730422
1816545
1268865
1203548
1341468
1287382
1344370
1157461
1245866
2353152
2239146
2325162
2243170
1365333
1496405
2325162
2422784
2420736
1328469
1444522
1491958
1338521
1012886
897973
1311837
1317004
917494
443042
1149610
1604093
2149205
1705333
1885061
682666
706560
2387285
2536789
2506752
998058
2174976
2356565
2519722
2407917
1034714
1634304
1754668
1454302
1373490
921664
2117989
1640369
1614688
1612069
1188678
1815893
2517285
2092312
1995146
1183744
1342122
2317653
2738858
1676490
1514837
1398101
2243398
1627485
1561632
1122422
1739434
1690297
1541126
1755310
1284096
1637034
2491980
1670348
1994097
1478466
778922
965290
1738752
2260992
1137322
1873920
1409706
2350421
2181802
1056085
1519616
2428245
2133577
1414198
1249077
796452
1495040
1892034
1023581
574096
1996117
1993518
1408124
1361929
1238954
1280682
1645233
1586596
1321394
1219444
1548288
2374314
2104094
1597853
1542396
1137322
2250752
2345074
1955886
1472994
1061546
1776981
2542933
1945089
819065
874496
2577749
2017722
1240213
1414102
1174186
1077657
1925882
1888628
1190154
1247685
1645597
1574092
1483353
875842
1582421
1342700
1276502
731298
931176
1298632
996613
1340369
1259317
1195069
1316185
1077501
938208
408444
1501256
1421572
1430289
1342182
1382117
1654978
1163264
2037077
2544298
2615296
1826497
1190570
1720320
2180437
2382506
2407082
1157802
1613824
2370901
2452821
2306050
835584
1971541
2443946
2461696
2307964
773461
467626
1534634
2199552
2512213
1396736
2060970
2177024
1291605
1028096
1354410
1709397
2439850
1589153
1430116
1001353
1959253
1658885
1487345
1479008
1116781
1773408
1498128
1259032
736457
1045354
2384554
1971077
1174557
1711061
1436032
1748992
1108056
1068852
1491868
2566826
2354930
1629682
2402986
1715668
1001472
2540202
2514261
2026810
1629810
1150293
2547712
1761181
1864742
1525880
1216512
1642962
1588738
1463029
1187064
1268992
1930105
2454541
2089072
1620133
1290240
2120362
2311509
2055924
1229193
522922
1466368
1265293
943444
1033177
1709060
1643576
1964605
1986934
1632120
839680
2374314
2430976
2402304
2395954
2046030
2379220
2286545
1762846
1874618
2036378
2293846
2324073
2609174
2446153
2581869
2783170
3072693
2548761
2387285
938666
1085440
2260992
2478080
2304682
1126400
1897130
2026154
2388650
2449408
1314816
1850026
2505386
2678784
2413909
1279317
1276586
2418005
2489685
2623488
1130496
1669120
2366122
2549077
2570922
1348266
1641813
2407082
2558634
2407082
1269760
1437696
2237781
2424832
2309461
1540096
569344
467626
2197504
2487637
761856
1324373
2346325
2347008
2367488
1439744
1346901
2281472
2276693
2349056
1220608
1463637
2289664
2356565
2419370
1544874
1119573
2273280
2379776
2320384
1641130
1106602
2209792
2207744
2329258
1812480
1100458
2437120
2152613
1491734
1182678
1355776
1620634
1648733
1678260
1378904
1519616
2429610
2508117
2408448
1806336
1062229
2235050
2312874
2358613
1616554
1374890
2049365
2359296
2441216
1845248
1126400
2037760
2323797
2383872
1952426
1172821
1921024
2387968
2270549
2081450
1078613
1751722
2281472
2342912
1533269
1202176
2248704
2262357
2225493
1869141
1512789
1606314
2314240
2372949
1979050
1153024
1951061
2201133
1747440
1454256
1048576
2428245
1571942
303093
2155178
985088
2031853
730422
1816545
1268865
1203548
1341468
1287382
1344370
1157461
1245866
2353152
2239146
2325162
2243170
1365333
1496405
2325162
2422784
2420736
1328469
1444522
1491958
1338521
1012886
897973
1311837
1317004
917494
443042
1149610
1604093
2149205
1705333
1885061
682666
706560
2387285
2536789
2506752
998058
2174976
2356565
2519722
2407917
1034714
1634304
1754668
1454302
1373490
921664
2117989
1640369
1614688
1612069
1188678
1815893
2517285
2092312
1995146
1183744
1342122
2317653
2738858
1676490
1514837
1398101
2243398
1627485
1561632
1122422
1739434
1690297
1541126
1755310
1284096
1637034
2491980
1670348
1994097
1478466
778922
965290
1738752
2260992
1137322
1873920
1409706
2350421
2181802
1056085
1519616
2428245
2133577
1414198
1249077
796452
1495040
1892034
1023581
574096
1996117
1993518
1408124
1361929
1238954
1280682
1645233
1586596
1321394
1219444
1548288
