855885
1112860
945397
936860
756021
560076
1348389
1024540
595181
510634
1209002
1565624
1155236
1225332
899116
1148046
1041857
1172393
1113296
1179482
905856
973308
1240916
959817
1466282
1174268
1324581
1186524
931400
895589
1055034
1032568
909822
968840
746206
770293
838905
1101316
1528632
1465492
1591524
1926194
1737724
1463765
1329834
2252800
2168832
2299904
1511424
912725
1133226
2241194
2229589
1347258
1495040
1862742
1401746
1446414
1366600
1381717
1491218
1252741
1254220
1321222
1325902
1226338
1224593
928270
494250
1664580
1243556
252724
1939669
1328350
1291132
1244204
1499641
1422589
1348449
1682572
1454941
1282969
1295721
1348357
1550336
2267818
1961790
1825596
1184926
943786
1493362
1223356
1400656
1794270
1387178
2325845
1872808
1518970
1188941
479752
2166380
1235056
1228832
1412682
1310354
1438765
1173209
1449594
1565589
367957
1520981
2172245
2290832
1808033
1165312
1734022
1860840
1934345
1824518
1686572
1762285
1891693
1958148
1969064
1179648
1601761
1723378
2301537
1278650
1230105
2229589
1562110
900913
1358716
1624510
1527505
1448716
1363309
1462452
1677994
1604949
2349738
2368840
1677681
1177953
1753088
2224128
2345250
1950220
1596757
1541461
1978658
2115189
1483566
1476101
1880746
2164301
1864968
2184081
1619533
1488213
2235050
2349738
2389333
1359872
1256106
2381141
2255901
1623377
1668437
1591978
1954660
1647076
2224810
1260202
1463637
2491050
2362709
2354517
1583786
1192618
2211840
2300586
2205013
1490944
241664
1305258
2314240
2316288
1532586
1830912
2275328
2452821
2306048
1518250
1664341
2185898
2450773
2284202
1445888
1260202
2312192
2287616
2327893
1881429
1411754
2135381
2383872
2429610
1510741
1454080
2244608
2411861
2347690
1997482
1520981
1835008
2375680
2295808
1742848
1370794
2075306
2386602
2316970
1843200
1413120
2075306
2419370
2292394
1908736
1447253
1780394
2337450
2360661
2249386
1196032
1910101
2415957
2551125
1940821
1298432
1940138
2306048
2267136
1837056
610986
1032874
2080768
2362026
2164053
1321642
1633621
2083498
1442474
1105920
1165312
1471829
2282154
2324480
1975637
1403562
1815210
2274645
2351104
2167466
1277713
1540096
2366122
1776841
1648473
1100329
1871949
1802012
1530156
1420197
1238357
1705666
1294520
963820
1008753
1073906
922930
687508
1040553
1109478
483482
961573
285776
1458308
1449410
1500501
1723808
1435328
1812110
1851170
1136640
1757866
2415274
1918334
1612038
1437706
1489578
2013825
2201737
2217470
1497750
1316181
2228906
2310144
2252800
1542826
1312085
2298538
2209792
2418005
938666
893610
1501184
2399573
2416640
1578325
1682090
2395477
2411178
2350421
1702570
1333930
1914197
2433024
2375680
1627477
1317546
1825450
2230954
2316970
1855488
1368746
1936725
2381141
2240512
1647957
1242453
2230954
2313557
2315605
1552384
1413120
1881429
2227541
2270549
1824085
1329834
1850026
2068480
2304682
1700522
1226752
2215936
2144938
2288981
1748309
1231530
2194090
2267136
2340181
2003626
1552384
1460906
2301952
1593817
1434636
1545317
1633044
1795120
1864974
1700954
1318912
2043904
2239829
1222320
1689193
1240405
2082816
2195456
2341546
2262357
1324373
293546
1476608
2196138
2243242
1500501
1277069
921210
71444
1443941
1092096
898666
1124614
1661252
1389572
1426773
2176341
1813814
1225236
1968778
1269658
1575594
2311509
2252800
2176341
1135957
1634304
2510165
2508117
2077354
1375573
1123669
2276010
2314240
2557269
855885
1112860
945397
936860
756021
560076
1348389
1024540
595181
510634
1209002
1565624
1155236
1225332
899116
1148046
1041857
1172393
1113296
1179482
905856
973308
1240916
959817
1466282
1174268
1324581
1186524
931400
895589
1055034
1032568
909822
968840
746206
770293
838905
1101316
1528632
1465492
1591524
1926194
1737724
1463765
1329834
2252800
2168832
2299904
1511424
912725
1133226
2241194
2229589
1347258
1495040
1862742
1401746
1446414
1366600
1381717
1491218
1252741
1254220
1321222
1325902
1226338
1224593
928270
494250
1664580
1243556
252724
1939669
1328350
1291132
1244204
1499641
1422589
1348449
1682572
1454941
1282969
1295721
1348357
1550336
2267818
1961790
1825596
1184926
943786
1493362
1223356
1400656
1794270
1387178
2325845
1872808
1518970
1188941
479752
2166380
1235056
1228832
1412682
1310354
1438765
1173209
1449594
1565589
367957
1520981
2172245
2290832
1808033
1165312
1734022
1860840
1934345
1824518
1686572
1762285
1891693
1958148
1969064
1179648
1601761
1723378
2301537
1278650
1230105
2229589
1562110
900913
1358716
1624510
1527505
1448716
1363309
1462452
1677994
1604949
2349738
2368840
1677681
1177953
1753088
2224128
2345250
1950220
1596757
1541461
1978658
2115189
1483566
1476101
1880746
2164301
1864968
2184081
1619533
1488213
2235050
2349738
2389333
1359872
1256106
2381141
2255901
1623377
1668437
1591978
1954660
1647076
2224810
1260202
1463637
2491050
2362709
2354517
1583786
1192618
2211840
2300586
2205013
1490944
241664
1305258
2314240
2316288
1532586
1830912
2275328
2452821
2306048
1518250
1664341
2185898
2450773
2284202
1445888
1260202
2312192
2287616
2327893
1881429
1411754
2135381
2383872
2429610
1510741
1454080
2244608
2411861
2347690
1997482
1520981
1835008
2375680
2295808
1742848
1370794
2075306
2386602
2316970
1843200
1413120
2075306
2419370
2292394
1908736
1447253
1780394
2337450
2360661
2249386
1196032
1910101
2415957
2551125
1940821
1298432
1940138
2306048
2267136
1837056
610986
1032874
2080768
2362026
2164053
1321642
1633621
2083498
1442474
1105920
1165312
1471829
2282154
2324480
1975637
1403562
1815210
2274645
2351104
2167466
1277713
1540096
2366122
1776841
1648473
1100329
1871949
1802012
1530156
1420197
1238357
1705666
1294520
963820
1008753
1073906
922930
687508
1040553
1109478
483482
961573
285776
1458308
1449410
1500501
1723808
1435328
1812110
1851170
1136640
1757866
2415274
1918334
1612038
1437706
1489578
2013825
2201737
2217470
1497750
1316181
2228906
2310144
2252800
1542826
1312085
2298538
2209792
2418005
938666
893610
1501184
2399573
2416640
1578325
1682090
2395477
2411178
2350421
1702570
1333930
1914197
2433024
2375680
1627477
1317546
1825450
2230954
2316970
1855488
1368746
1936725
2381141
2240512
1647957
1242453
2230954
2313557
2315605
1552384
1413120
1881429
2227541
2270549
1824085
1329834
1850026
2068480
2304682
1700522
1226752
2215936
2144938
2288981
1748309
1231530
2194090
2267136
2340181
2003626
1552384
1460906
2301952
1593817
1434636
1545317
1633044
1795120
1864974
1700954
1318912
2043904
2239829
1222320
1689193
1240405
2082816
2195456
2341546
2262357
1324373
293546
1476608
2196138
2243242
1500501
1277069
921210
71444
1443941
1092096
898666
1124614
1661252
1389572
1426773
2176341
1813814
1225236
1968778
1269658
1575594
2311509
2252800
2176341
1135957
1634304
2510165
2508117
2077354
1375573
1123669
2276010
2314240
2557269
855885
1112860
945397
936860
756021
560076
1348389
1024540
595181
510634
1209002
1565624
1155236
1225332
899116
1148046
1041857
1172393
1113296
1179482
905856
973308
1240916
959817
1466282
1174268
1324581
1186524
931400
895589
1055034
1032568
909822
968840
746206
770293
838905
1101316
1528632
1465492
1591524
1926194
1737724
1463765
1329834
2252800
2168832
2299904
1511424
912725
1133226
2241194
2229589
1347258
1495040
1862742
1401746
1446414
1366600
1381717
1491218
1252741
1254220
1321222
1325902
1226338
1224593
928270
494250
1664580
1243556
252724
1939669
1328350
1291132
1244204
1499641
1422589
1348449
1682572
1454941
1282969
1295721
1348357
1550336
2267818
1961790
1825596
1184926
943786
1493362
1223356
1400656
1794270
1387178
2325845
1872808
1518970
1188941
479752
2166380
1235056
1228832
1412682
1310354
1438765
1173209
1449594
1565589
367957
1520981
2172245
2290832
1808033
1165312
1734022
1860840
1934345
1824518
1686572
1762285
1891693
1958148
1969064
1179648
1601761
1723378
2301537
1278650
1230105
2229589
1562110
900913
1358716
1624510
1527505
1448716
1363309
1462452
1677994
1604949
2349738
2368840
1677681
1177953
1753088
2224128
2345250
1950220
1596757
1541461
1978658
2115189
1483566
1476101
1880746
2164301
1864968
2184081
1619533
1488213
2235050
2349738
2389333
1359872
1256106
2381141
2255901
1623377
1668437
1591978
1954660
1647076
2224810
1260202
1463637
2491050
2362709
2354517
1583786
1192618
2211840
2300586
2205013
1490944
241664
1305258
2314240
2316288
1532586
1830912
2275328
2452821
2306048
1518250
1664341
2185898
2450773
2284202
1445888
1260202
2312192
2287616
2327893
1881429
1411754
2135381
2383872
2429610
1510741
1454080
2244608
2411861
2347690
1997482
1520981
1835008
2375680
2295808
1742848
1370794
2075306
2386602
2316970
1843200
1413120
2075306
2419370
2292394
1908736
1447253
1780394
2337450
2360661
2249386
1196032
1910101
2415957
2551125
1940821
1298432
1940138
2306048
2267136
1837056
610986
1032874
2080768
2362026
2164053
1321642
1633621
2083498
1442474
1105920
1165312
1471829
2282154
2324480
1975637
1403562
1815210
2274645
