814988
685569
928988
787232
800046
696105
338602
1149950
707424
682346
280384
585481
373396
311837
447985
386660
508412
541714
613072
498760
458406
982605
759373
779593
261512
272529
753368
1264354
1068905
1120618
693698
825125
1063122
1109404
1171014
1358084
961988
698264
552014
678260
452029
599860
623674
1155236
1508412
1399892
1492501
863134
741236
588790
746222
1270169
1073673
1561053
904654
855081
1127336
1223332
1336964
1673966
1870526
1413032
1608629
1142138
936710
1498280
1780954
1433704
1607472
845233
468992
1970176
1769500
1387826
555670
1566754
1715866
1316701
1361660
1643681
1286730
1923754
2076576
1828020
1822037
1650688
2109440
1176917
2135381
2172528
1113448
1616485
1056370
1755136
2357248
1287482
732268
1880605
1155894
1565268
1488929
1887880
1222333
1492608
992034
2097834
1484216
1457609
1334304
1344952
1036065
890345
1343057
1288472
1288076
1547217
1554460
301053
998058
1931264
2191729
1583646
1813313
806856
346794
1144832
1561258
1112746
1089536
974848
1843200
2370218
1732608
1675264
802816
1187840
2440533
2055509
1840469
1772202
1592661
2059856
1612294
1058940
1107968
2022741
1161898
2217984
2327210
1627477
1734094
1392485
1828181
1444745
1312993
1327562
2128554
802816
447829
644437
1944234
2174976
1691648
1738069
1418581
2263722
2352469
1290240
701781
798037
1363968
2160676
691325
716885
918370
1292970
1718977
1570869
1306150
1333278
1201314
1436494
877729
982010
913510
812610
847512
1217174
1264873
1981357
1854122
1459541
2023424
2251456
1013696
885186
633514
1751633
1904640
1952784
1578365
2011005
1746388
1583104
1419946
2348373
1484776
1580569
1789645
1787221
1155072
516096
1731925
2301952
1903274
2020010
1634986
2491050
1943552
2166784
1782442
1744896
1845930
2277376
1877333
2168832
1215146
2292394
2180437
1591978
1560170
1164878
1989740
1576169
1530930
1494838
1241774
1028524
971000
750198
1664622
1747965
1928688
1705301
1814846
1378986
2241194
2070528
1404928
1733973
2204330
1465685
2018645
2263722
1828864
2162005
1789269
1529856
2030250
2281472
2017962
2116266
1722368
1467050
2143573
2246656
1846613
2039125
2191360
1661610
1833642
2332672
1731925
2202282
1614874
1375858
1416126
1514309
1279817
1170773
1759444
1510518
1324102
1516980
1504065
1636184
1702724
1708032
2193617
1367701
1454233
1001140
979488
974848
2277934
1266437
1078382
1104012
730125
1380238
953856
1447302
1295428
672596
1836274
1173480
1019240
1262532
1627048
1320960
1420738
1356753
1235217
1544713
1163264
2472618
1740844
1234341
1036446
737356
789988
1786938
810597
873953
1056953
739073
749456
1418238
1379966
719832
661878
1356944
1681938
1685761
1196426
1450037
1630317
1821082
1981162
1965397
1940821
1257472
1843272
1714176
1292758
1162817
1546944
1450928
1595185
1535933
1587805
1152418
448884
10000
1694538
1196032
1579690
1415850
1161216
1520298
1417216
2299221
2179754
2084864
1828181
1635669
2293760
2022058
2241877
1746261
1850026
2554538
2166784
2000213
1822720
1686869
2022058
2252800
1161216
974848
1245184
158378
1873237
2445312
1814528
1998848
1406293
2415274
2179072
2168832
2147669
1710080
1898496
2551125
2083498
2101248
2017280
1077248
2465792
2285568
1782442
2095786
1385813
2199552
2454869
2007040
1933312
1432234
2150400
2281472
2130602
1940138
1698474
2072576
2202965
2122410
1857536
1630890
1948330
2386602
2172245
1851392
1755818
1849344
2313557
2171562
1946282
1742165
1702570
2262357
2041173
2075306
1805653
1587200
2398208
2058922
1854805
1870506
1579690
2362026
1701205
846506
1941504
1271808
2266453
2284885
1996117
2106709
1382400
2226858
2225493
1997482
2013866
1271808
2170197
2385237
1944234
1975637
1572864
1978368
2578432
814988
685569
928988
787232
800046
696105
338602
1149950
707424
682346
280384
585481
373396
311837
447985
386660
508412
541714
613072
498760
458406
982605
759373
779593
261512
272529
753368
1264354
1068905
1120618
693698
825125
1063122
1109404
1171014
1358084
961988
698264
552014
678260
452029
599860
623674
1155236
1508412
1399892
1492501
863134
741236
588790
746222
1270169
1073673
1561053
904654
855081
1127336
1223332
1336964
1673966
1870526
1413032
1608629
1142138
936710
1498280
1780954
1433704
1607472
845233
468992
1970176
1769500
1387826
555670
1566754
1715866
1316701
1361660
1643681
1286730
1923754
2076576
1828020
1822037
1650688
2109440
1176917
2135381
2172528
1113448
1616485
1056370
1755136
2357248
1287482
732268
1880605
1155894
1565268
1488929
1887880
1222333
1492608
992034
2097834
1484216
1457609
1334304
1344952
1036065
890345
1343057
1288472
1288076
1547217
1554460
301053
998058
1931264
2191729
1583646
1813313
806856
346794
1144832
1561258
1112746
1089536
974848
1843200
2370218
1732608
1675264
802816
1187840
2440533
2055509
1840469
1772202
1592661
2059856
1612294
1058940
1107968
2022741
1161898
2217984
2327210
1627477
1734094
1392485
1828181
1444745
1312993
1327562
2128554
802816
447829
644437
1944234
2174976
1691648
1738069
1418581
2263722
2352469
1290240
701781
798037
1363968
2160676
691325
716885
918370
1292970
1718977
1570869
1306150
1333278
1201314
1436494
877729
982010
913510
812610
847512
1217174
1264873
1981357
1854122
1459541
2023424
2251456
1013696
885186
633514
1751633
1904640
1952784
1578365
2011005
1746388
1583104
1419946
2348373
1484776
1580569
1789645
1787221
1155072
516096
1731925
2301952
1903274
2020010
1634986
2491050
1943552
2166784
1782442
1744896
1845930
2277376
1877333
2168832
1215146
2292394
2180437
1591978
1560170
1164878
1989740
1576169
1530930
1494838
1241774
1028524
971000
750198
1664622
1747965
1928688
1705301
1814846
1378986
2241194
2070528
1404928
1733973
2204330
1465685
2018645
2263722
1828864
2162005
1789269
1529856
2030250
2281472
2017962
2116266
1722368
1467050
2143573
2246656
1846613
2039125
2191360
1661610
1833642
2332672
1731925
2202282
1614874
1375858
1416126
1514309
1279817
1170773
1759444
1510518
1324102
1516980
1504065
1636184
1702724
1708032
2193617
1367701
1454233
1001140
979488
974848
2277934
1266437
1078382
1104012
730125
1380238
953856
1447302
1295428
672596
1836274
1173480
1019240
1262532
1627048
1320960
1420738
1356753
1235217
1544713
1163264
2472618
1740844
1234341
1036446
737356
789988
1786938
810597
873953
1056953
739073
749456
1418238
1379966
719832
661878
1356944
1681938
1685761
1196426
1450037
1630317
1821082
1981162
1965397
1940821
1257472
1843272
1714176
1292758
1162817
1546944
1450928
1595185
1535933
1587805
1152418
448884
10000
1694538
1196032
1579690
1415850
1161216
1520298
1417216
2299221
2179754
2084864
1828181
1635669
2293760
2022058
2241877
1746261
1850026
2554538
2166784
2000213
1822720
1686869
2022058
2252800
1161216
974848
1245184
158378
1873237
2445312
1814528
1998848
1406293
2415274
2179072
2168832
2147669
1710080
1898496
2551125
2083498
2101248
2017280
1077248
2465792
2285568
1782442
2095786
1385813
2199552
2454869
2007040
1933312
1432234
2150400
2281472
2130602
1940138
1698474
2072576
2202965
2122410
1857536
1630890
1948330
2386602
2172245
1851392
1755818
1849344
2313557
2171562
1946282
1742165
1702570
2262357
2041173
2075306
1805653
1587200
2398208
2058922
1854805
1870506
1579690
2362026
1701205
846506
1941504
1271808
2266453
2284885
1996117
2106709
1382400
2226858
2225493
1997482
2013866
1271808
2170197
2385237
1944234
1975637
1572864
1978368
2578432
814988
685569
928988
787232
800046
696105
338602
1149950
707424
682346
280384
585481
373396
311837
447985
386660
508412
541714
613072
498760
458406
982605
759373
779593
261512
272529
753368
1264354
1068905
1120618
693698
825125
1063122
1109404
1171014
1358084
961988
698264
552014
678260
452029
599860
623674
1155236
1508412
1399892
1492501
863134
741236
588790
746222
1270169
1073673
1561053
904654
855081
1127336
1223332
1336964
1673966
1870526
1413032
1608629
1142138
936710
1498280
1780954
1433704
1607472
845233
468992
1970176
1769500
1387826
555670
1566754
1715866
1316701
1361660
1643681
1286730
1923754
2076576
1828020
1822037
1650688
2109440
1176917
2135381
2172528
1113448
1616485
1056370
1755136
2357248
1287482
732268
1880605
1155894
1565268
1488929
1887880
1222333
1492608
992034
2097834
1484216
1457609
1334304
1344952
1036065
890345
1343057
1288472
1288076
1547217
1554460
301053
998058
1931264
2191729
1583646
1813313
806856
346794
1144832
1561258
1112746
1089536
974848
1843200
2370218
1732608
1675264
802816
1187840
2440533
2055509
1840469
1772202
1592661
2059856
1612294
1058940
1107968
2022741
1161898
2217984
2327210
1627477
1734094
1392485
1828181
1444745
1312993
1327562
2128554
802816
447829
644437
1944234
2174976
1691648
1738069
1418581
2263722
2352469
1290240
701781
798037
1363968
2160676
691325
716885
918370
1292970
1718977
1570869
1306150
1333278
1201314
1436494
877729
