169848
10000
596714
953244
983988
854925
904058
1113448
806218
1041233
654177
1432284
1458649
2074458
1923916
2030250
1323008
2188629
1729002
1645126
1573082
952177
2420053
1604834
1674466
1225378
1245866
1870288
2148210
1618960
1504258
1142101
2211097
1416374
1637744
1544409
1293653
2005673
1659798
1697481
1049585
1069056
2614488
1657954
1582102
1611049
1074673
2143573
1797489
1529306
1649409
984405
2177706
1763964
1459441
1669748
983040
2179072
1857390
1628202
1574646
716800
2475349
1760732
1698668
1637750
1227932
1977197
1487258
1712409
1448114
1260448
1988020
1606881
1600432
1752493
1197938
421888
1637717
2189312
2563413
1518106
1745578
1704390
1726840
1473013
1174193
1803605
2010206
1699704
1511205
1118224
1771520
1961593
1609712
1425852
1185109
1998165
1873205
1640569
1203710
1006809
1159426
456758
1559849
1345796
1170072
1810794
1755950
1718029
1605249
1318869
1668437
1999192
1389094
1796866
966897
1822581
1212509
1199344
1509349
1285817
1687552
1439481
1605632
1364625
1172244
1329946
1371330
936358
881672
985085
536277
862504
866081
1007405
924134
1105117
631700
328462
781624
953430
857598
975214
1065657
798914
558072
426866
464844
458769
388224
362162
10000
10000
569497
616742
146482
10000
1171861
87620
1001564
627718
504152
562634
325766
503702
800678
998002
873504
807901
958497
1213568
1424488
1523613
1478578
1647137
967490
1381717
1469958
997520
1246900
1249146
1392093
1447244
1349181
1500344
1186273
1314133
1116424
992941
1146270
860632
865277
1399466
1511808
897149
1035433
1201517
1128725
1409412
543390
1317852
1088777
806337
1160844
885186
758408
890196
860490
983573
764316
740950
1099968
926525
1475610
1084684
1153380
1193937
1048433
1215757
976850
880693
322184
1594222
1645909
1254685
1058032
1088334
1712809
1171861
816438
1428880
1075254
708598
955500
1250277
1304901
1386657
1221685
1268701
1208317
1437716
1240876
1817593
2101408
2314117
2090166
1178776
1771520
1860465
1345777
1582192
1284778
1971918
1649296
1570517
1719448
1138204
2062076
1684665
1374485
1823730
1205517
1904008
1670440
1417342
1614454
1196565
2002944
1670832
987165
1867566
1583533
1828864
1742885
1671400
1680705
1198090
1832350
1482800
1488192
1703872
1063357
2148841
1504413
1754004
1070312
929109
2019328
2405717
1689845
1442109
1020885
2066333
1334705
1639133
1567744
1252988
1953792
1797658
1654325
1464929
1267970
1791317
1737345
1657590
1388041
1272841
1890986
1653424
1401877
1743365
923266
598016
1881429
2973436
1506140
1269178
1412437
1956157
1047589
2023606
1800384
1374890
1739784
1579030
1582670
1048868
1614506
2263581
1614320
1605664
1388893
1316181
2085430
1456853
1749174
1508784
1280682
1978164
1544034
1414020
1122580
1392640
2181096
1670678
1693240
1187509
1277269
1917618
2080924
1469449
1019380
1265664
2570922
1302424
1844685
1509045
1182378
2197504
1640304
1656208
1499338
939349
2443946
1626422
1629369
1341104
1270442
1467044
1276277
1340630
1650714
1058816
2511530
1466546
1467073
1575441
954854
2065066
1289202
1340265
1290485
36181
561184
591121
246234
7189
969661
358118
478878
484941
486178
390021
416082
152773
418189
1357126
1191962
1451249
1210970
1498129
1248180
979893
1649426
1390181
1339912
1144936
934776
1046205
734860
1131765
778245
877548
697737
995800
637154
671770
840236
604802
837557
781710
765577
657590
39541
1216630
634389
558072
401704
320374
396312
354074
498310
624573
536953
502804
365990
302168
234569
232288
97505
88518
292965
115928
10000
10000
10000
10000
32369
2019716
1609626
1668412
1792708
1654822
1520298
2085638
2140030
1663676
1380040
1429504
2271002
1597493
831832
1387937
1224021
2564096
2088582
1623092
1437740
1153706
2227058
1395681
1796314
1358584
1153706
2245346
1419416
1480104
1595090
1203562
1933276
1508210
1710864
1529264
1156522
1490944
1501866
2314542
1400774
1119985
1722100
2163734
1346652
1862936
1430702
1728560
1674813
1650253
1282556
1133226
1949681
1574722
1649952
1355242
1330517
1950461
1738021
1531328
1720749
1025409
2030250
1851922
1518297
1750153
1097477
721578
1986560
2542690
1625096
673101
2084838
2266954
963644
2219806
1368090
1958400
1605917
1572377
169848
10000
596714
953244
983988
854925
904058
1113448
806218
1041233
654177
1432284
1458649
2074458
1923916
2030250
1323008
2188629
1729002
1645126
1573082
952177
2420053
1604834
1674466
1225378
1245866
1870288
2148210
1618960
1504258
1142101
2211097
1416374
1637744
1544409
1293653
2005673
1659798
1697481
1049585
1069056
2614488
1657954
1582102
1611049
1074673
2143573
1797489
1529306
1649409
984405
2177706
1763964
1459441
1669748
983040
2179072
1857390
1628202
1574646
716800
2475349
1760732
1698668
1637750
1227932
1977197
1487258
1712409
1448114
1260448
1988020
1606881
1600432
1752493
1197938
421888
1637717
2189312
2563413
1518106
1745578
1704390
1726840
1473013
1174193
1803605
2010206
1699704
1511205
1118224
1771520
1961593
1609712
1425852
1185109
1998165
1873205
1640569
1203710
1006809
1159426
456758
1559849
1345796
1170072
1810794
1755950
1718029
1605249
1318869
1668437
1999192
1389094
1796866
966897
1822581
1212509
1199344
1509349
1285817
1687552
1439481
1605632
1364625
1172244
1329946
1371330
936358
881672
985085
536277
862504
866081
1007405
924134
1105117
631700
328462
781624
953430
857598
975214
1065657
798914
558072
426866
464844
458769
388224
362162
10000
10000
569497
616742
146482
10000
1171861
87620
1001564
627718
504152
562634
325766
503702
800678
998002
873504
807901
958497
1213568
1424488
1523613
1478578
1647137
967490
1381717
1469958
997520
1246900
1249146
1392093
1447244
1349181
1500344
1186273
1314133
1116424
992941
1146270
860632
865277
1399466
1511808
897149
1035433
1201517
1128725
1409412
543390
1317852
1088777
806337
1160844
885186
758408
890196
860490
983573
764316
740950
1099968
926525
1475610
1084684
1153380
1193937
1048433
1215757
976850
880693
322184
1594222
1645909
1254685
1058032
1088334
1712809
1171861
816438
1428880
1075254
708598
955500
1250277
1304901
1386657
1221685
1268701
1208317
1437716
1240876
1817593
2101408
2314117
2090166
1178776
1771520
1860465
1345777
1582192
1284778
1971918
1649296
1570517
1719448
1138204
2062076
1684665
1374485
1823730
1205517
1904008
1670440
1417342
1614454
1196565
2002944
1670832
987165
1867566
1583533
1828864
1742885
1671400
1680705
1198090
1832350
1482800
1488192
1703872
1063357
2148841
1504413
1754004
1070312
929109
2019328
2405717
1689845
1442109
1020885
2066333
1334705
1639133
1567744
1252988
1953792
1797658
1654325
1464929
1267970
1791317
1737345
1657590
1388041
1272841
1890986
1653424
1401877
1743365
923266
598016
1881429
2973436
1506140
1269178
1412437
1956157
1047589
2023606
1800384
1374890
1739784
1579030
1582670
1048868
1614506
2263581
1614320
1605664
1388893
1316181
2085430
1456853
1749174
1508784
1280682
1978164
1544034
1414020
1122580
1392640
2181096
1670678
1693240
1187509
1277269
1917618
2080924
1469449
1019380
1265664
2570922
1302424
1844685
1509045
1182378
2197504
1640304
1656208
1499338
939349
2443946
1626422
1629369
1341104
1270442
1467044
1276277
1340630
1650714
1058816
2511530
1466546
1467073
1575441
954854
2065066
1289202
1340265
1290485
36181
561184
591121
246234
7189
969661
358118
478878
484941
486178
390021
416082
152773
418189
1357126
1191962
1451249
1210970
1498129
1248180
979893
1649426
1390181
1339912
1144936
934776
1046205
734860
1131765
778245
877548
697737
995800
637154
671770
840236
604802
837557
781710
765577
657590
39541
1216630
634389
558072
401704
320374
396312
354074
498310
624573
536953
502804
365990
302168
234569
232288
97505
88518
292965
115928
10000
10000
10000
10000
32369
2019716
1609626
1668412
1792708
1654822
1520298
2085638
2140030
1663676
1380040
1429504
2271002
1597493
831832
1387937
1224021
2564096
2088582
1623092
1437740
1153706
2227058
1395681
1796314
1358584
1153706
2245346
1419416
1480104
1595090
1203562
1933276
1508210
1710864
1529264
1156522
1490944
1501866
2314542
1400774
1119985
1722100
2163734
1346652
1862936
1430702
1728560
1674813
1650253
1282556
1133226
1949681
1574722
1649952
1355242
1330517
1950461
1738021
1531328
1720749
1025409
2030250
1851922
1518297
1750153
1097477
721578
1986560
2542690
1625096
673101
2084838
2266954
963644
2219806
1368090
1958400
1605917
1572377
169848
10000
596714
953244
983988
854925
904058
1113448
806218
1041233
654177
1432284
1458649
2074458
1923916
2030250
1323008
2188629
1729002
1645126
1573082
952177
2420053
1604834
1674466
1225378
1245866
1870288
2148210
1618960
1504258
1142101
2211097
1416374
1637744
1544409
1293653
2005673
1659798
1697481
1049585
1069056
2614488
1657954
1582102
1611049
1074673
2143573
1797489
