1427082
1674216
1649736
1524354
1372264
1274758
1698480
1661185
1297674
1394730
2190949
1371814
1644560
1669774
1650349
1715338
1506830
1563896
1443129
1419245
1581532
1670621
1645908
1402818
1503702
1131853
1240609
1360633
1308622
771056
1618136
1578188
1423038
1530118
1433718
1465406
759190
587728
606150
797117
1008753
1266670
1005361
1036858
766562
864966
823628
885636
1124914
930120
881626
805836
1243754
1085822
1126245
1035713
1086488
1321489
1123333
927424
990780
1206909
1132769
1414052
590424
1775316
1101316
1491337
982692
599410
520328
494716
566160
728818
1119738
16046
1459564
1707916
1397426
1425734
1166305
1074070
1076602
1290036
1486394
1483725
1276978
1359752
1491734
1450266
1637085
1323286
1149394
1421690
1361480
1502570
1231173
1409558
1253190
1344961
1405624
1252741
1294529
1400589
1463746
1554174
1236116
1263525
1120257
970041
941442
1202681
1035125
1065637
1018137
1281948
1152090
943150
1115694
899436
1146828
1066985
1241240
1306661
935062
1183094
1248248
1272762
1289102
1277005
1345304
1277328
1442486
1618049
1359345
1367209
1230957
1201284
754880
1357824
300296
1921718
1285552
1378468
1342512
1385018
1434272
1353445
1377602
1250448
1482752
1457982
1086237
1012348
1447057
1362174
1179949
1263758
1334608
1237048
339968
1488213
2075721
1097272
1523892
1282048
1565742
1224645
1149746
1316556
1195349
2325845
1372252
1211165
1124754
1427082
1674216
1649736
1524354
1372264
1274758
1698480
1661185
1297674
1394730
2190949
1371814
1644560
1669774
1650349
1715338
1506830
1563896
1443129
1419245
1581532
1670621
1645908
1402818
1503702
1131853
1240609
1360633
1308622
771056
1618136
1578188
1423038
1530118
1433718
1465406
759190
587728
606150
797117
1008753
1266670
1005361
1036858
766562
864966
823628
885636
1124914
930120
881626
805836
1243754
1085822
1126245
1035713
1086488
1321489
1123333
927424
990780
1206909
1132769
1414052
590424
1775316
1101316
1491337
982692
599410
520328
494716
566160
728818
1119738
16046
1459564
1707916
1397426
1425734
1166305
1074070
1076602
1290036
1486394
1483725
1276978
1359752
1491734
1450266
1637085
1323286
1149394
1421690
1361480
1502570
1231173
1409558
1253190
1344961
1405624
1252741
1294529
1400589
1463746
1554174
1236116
1263525
1120257
970041
941442
1202681
1035125
1065637
1018137
1281948
1152090
943150
1115694
899436
1146828
1066985
1241240
1306661
935062
1183094
1248248
1272762
1289102
1277005
1345304
1277328
1442486
1618049
1359345
1367209
1230957
1201284
754880
1357824
300296
1921718
1285552
1378468
1342512
1385018
1434272
1353445
1377602
1250448
1482752
1457982
1086237
1012348
1447057
1362174
1179949
1263758
1334608
1237048
339968
1488213
2075721
1097272
1523892
1282048
1565742
1224645
1149746
1316556
1195349
2325845
1372252
1211165
1124754
1427082
1674216
1649736
1524354
1372264
1274758
1698480
1661185
1297674
1394730
2190949
1371814
1644560
1669774
1650349
1715338
1506830
1563896
1443129
1419245
1581532
1670621
1645908
1402818
1503702
1131853
1240609
1360633
1308622
771056
1618136
1578188
1423038
1530118
1433718
1465406
759190
587728
606150
797117
1008753
1266670
1005361
1036858
766562
864966
823628
885636
1124914
930120
881626
805836
1243754
1085822
1126245
1035713
1086488
1321489
1123333
927424
990780
1206909
1132769
1414052
590424
1775316
1101316
1491337
982692
599410
520328
494716
566160
728818
1119738
16046
1459564
1707916
1397426
1425734
1166305
1074070
1076602
1290036
1486394
1483725
1276978
1359752
1491734
1450266
1637085
1323286
1149394
1421690
1361480
1502570
1231173
1409558
1253190
1344961
1405624
1252741
1294529
1400589
1463746
1554174
1236116
1263525
1120257
970041
941442
1202681
1035125
1065637
1018137
1281948
1152090
943150
1115694
899436
1146828
1066985
1241240
1306661
935062
1183094
1248248
1272762
1289102
1277005
1345304
1277328
1442486
1618049
1359345
1367209
1230957
1201284
754880
1357824
300296
1921718
1285552
1378468
1342512
1385018
1434272
1353445
1377602
1250448
1482752
1457982
1086237
1012348
1447057
1362174
1179949
1263758
1334608
1237048
339968
1488213
2075721
1097272
1523892
1282048
1565742
1224645
1149746
1316556
1195349
2325845
1372252
1211165
1124754
1427082
1674216
1649736
1524354
1372264
1274758
1698480
1661185
1297674
1394730
2190949
1371814
1644560
1669774
1650349
1715338
1506830
1563896
1443129
1419245
1581532
1670621
1645908
1402818
1503702
1131853
1240609
1360633
1308622
771056
1618136
1578188
1423038
1530118
1433718
1465406
759190
587728
606150
797117
1008753
1266670
1005361
1036858
766562
864966
823628
885636
1124914
930120
881626
805836
1243754
1085822
1126245
1035713
1086488
1321489
1123333
927424
990780
1206909
1132769
1414052
590424
1775316
1101316
1491337
982692
599410
520328
494716
566160
728818
1119738
16046
1459564
1707916
1397426
1425734
1166305
1074070
1076602
1290036
1486394
1483725
1276978
1359752
1491734
1450266
1637085
1323286
1149394
1421690
1361480
1502570
1231173
1409558
1253190
1344961
1405624
1252741
1294529
1400589
1463746
1554174
1236116
1263525
1120257
970041
941442
1202681
1035125
1065637
1018137
1281948
1152090
943150
1115694
899436
1146828
1066985
1241240
1306661
935062
1183094
1248248
1272762
1289102
1277005
1345304
1277328
1442486
1618049
1359345
1367209
1230957
1201284
754880
1357824
300296
1921718
1285552
1378468
1342512
1385018
1434272
1353445
1377602
1250448
1482752
1457982
1086237
1012348
1447057
1362174
1179949
1263758
1334608
1237048
339968
1488213
2075721
1097272
1523892
1282048
1565742
1224645
1149746
1316556
1195349
2325845
1372252
1211165
1124754
1427082
1674216
1649736
1524354
1372264
1274758
1698480
1661185
1297674
1394730
2190949
1371814
1644560
1669774
1650349
1715338
1506830
1563896
1443129
1419245
1581532
1670621
1645908
1402818
1503702
1131853
1240609
1360633
1308622
771056
1618136
1578188
1423038
1530118
1433718
1465406
759190
587728
606150
797117
1008753
1266670
1005361
1036858
766562
864966
823628
885636
1124914
930120
881626
805836
1243754
1085822
1126245
1035713
1086488
1321489
1123333
927424
990780
1206909
1132769
1414052
590424
1775316
1101316
1491337
982692
599410
520328
494716
566160
728818
1119738
16046
1459564
1707916
1397426
1425734
1166305
1074070
1076602
1290036
1486394
1483725
1276978
1359752
1491734
1450266
1637085
1323286
1149394
1421690
1361480
1502570
1231173
1409558
1253190
1344961
1405624
1252741
1294529
1400589
1463746
1554174
1236116
1263525
1120257
970041
941442
1202681
1035125
1065637
1018137
1281948
1152090
943150
1115694
899436
1146828
1066985
1241240
1306661
935062
1183094
1248248
1272762
1289102
1277005
1345304
1277328
1442486
1618049
1359345
1367209
1230957
1201284
754880
1357824
300296
1921718
1285552
1378468
1342512
1385018
1434272
1353445
1377602
1250448
1482752
1457982
1086237
1012348
1447057
1362174
1179949
1263758
1334608
1237048
339968
1488213
2075721
1097272
1523892
1282048
1565742
1224645
1149746
1316556
1195349
2325845
1372252
1211165
1124754
1427082
1674216
1649736
1524354
1372264
1274758
1698480
1661185
1297674
1394730
2190949
1371814
1644560
1669774
1650349
1715338
1506830
1563896
1443129
1419245
1581532
1670621
1645908
1402818
1503702
1131853
1240609
1360633
1308622
771056
1618136
1578188
1423038
1530118
1433718
1465406
759190
587728
606150
797117
1008753
1266670
1005361
1036858
766562
864966
823628
885636
1124914
930120
881626
805836
1243754
1085822
1126245
1035713
1086488
1321489
1123333
927424
990780
1206909
1132769
1414052
590424
1775316
1101316
1491337
982692
599410
520328
494716
566160
728818
1119738
16046
1459564
1707916
1397426
1425734
1166305
1074070
1076602
1290036
1486394
1483725
1276978
1359752
1491734
1450266
1637085
1323286
1149394
1421690
1361480
1502570
1231173
1409558
1253190
1344961
1405624
1252741
1294529
1400589
1463746
1554174
1236116
1263525
1120257
970041
941442
1202681
1035125
1065637
1018137
1281948
1152090
943150
1115694
899436
1146828
1066985
1241240
1306661
935062
1183094
1248248
1272762
1289102
1277005
1345304
1277328
1442486
1618049
1359345
1367209
1230957
1201284
754880
1357824
300296
1921718
1285552
1378468
1342512
1385018
1434272
1353445
1377602
1250448
1482752
1457982
1086237
1012348
1447057
1362174
1179949
1263758
1334608
1237048
339968
1488213
2075721
1097272
1523892
1282048
1565742
1224645
1149746
1316556
1195349
2325845
1372252
1211165
1124754
1427082
1674216
1649736
1524354
1372264
1274758
1698480
1661185
1297674
1394730
2190949
1371814
1644560
1669774
1650349
1715338
1506830
1563896
1443129
1419245
1581532
1670621
1645908
1402818
1503702
1131853
1240609
1360633
1308622
771056
1618136
1578188
1423038
1530118
1433718
1465406
759190
587728
606150
797117
1008753
1266670
1005361
1036858
766562
864966
823628
885636
1124914
930120
881626
805836
1243754
1085822
1126245
