697814
874742
1313510
1089398
1672561
1142842
1076057
804756
1020436
1070761
1081113
747673
357220
164456
10000
578670
362106
2087962
1148140
1466297
1514037
1326881
1258349
967773
420522
2078037
1514526
1228062
1400088
1156149
985770
1051042
27858
485402
657505
1190264
978864
1075488
831033
921168
909632
651533
557622
13030
10000
377645
2025838
329260
1647573
1610997
1196032
2039808
1644232
1104461
1395664
1018408
1672732
1416194
1741914
1430417
1034929
1741482
1733261
1424370
1610426
820392
1303904
1104164
1452694
729246
808461
532480
1379344
208041
1051889
831266
963588
1027690
1406902
972950
730780
1081813
1048602
1473056
878896
342841
776897
407994
890578
780042
1015878
1159793
957529
858340
1091101
1018765
1033556
986286
934838
689501
1260009
1548584
1618238
1096589
1196574
831802
762302
1407890
1053090
1357393
1074949
986332
1517848
764586
1539534
1212810
942892
1158424
828337
558561
1314260
754346
733866
687445
909994
947541
2497182
868112
1140857
970458
495616
989866
723626
752981
849920
468309
841045
618496
776874
987136
921600
895658
760490
704512
890197
1179648
816469
843093
332458
719530
1185014
764816
884737
1095025
871257
1243305
943954
980090
870142
769941
963181
818490
1199853
1022682
1269272
1180044
1168296
1228897
1026952
1133442
1023132
1219852
1158918
1194328
1188936
1075254
1127994
866596
790377
933498
687246
481236
826026
404464
219274
1161077
1350040
1067822
890578
1104513
1148677
872188
1189569
1222636
1264900
990770
1208442
1387213
1495490
1186256
1568242
1269954
1520785
1426954
1299600
1565477
1325978
1063576
1282086
1081666
1491168
1313526
839458
1357098
1535605
1393149
794421
774201
527966
640352
744044
805205
807590
899426
965669
736405
880926
1063788
1150293
1378105
646166
643420
390920
969661
895072
1080646
758884
890618
796322
998868
1144668
1328169
1302038
1132213
1629978
1353149
2084749
964598
345429
2610517
1906858
1203613
1274538
2118314
2058030
1703978
1477670
1340074
2424149
2488225
1422166
1280209
1550936
1237092
1349012
824413
1045648
1223753
1649624
636281
1622197
1235038
1574248
1659233
1569381
1860749
1440242
1499136
2743637
1811957
1471549
1445052
1889621
1932429
1400822
1311718
1368938
1714176
2082741
1515797
1174341
723280
832450
960302
782738
720730
713593
896670
700657
712876
891244
590873
103796
1605701
701625
985388
835689
890200
773302
856878
1046497
869460
472698
780941
547032
845469
525253
601826
548466
315709
815046
474013
614038
580089
583520
468205
586613
442368
707242
333854
867213
349132
1482169
807184
730166
686504
625132
695985
444624
744312
699698
743344
645009
833962
791725
669506
841180
643469
678441
559869
499658
663748
667860
670172
681189
563014
510442
581437
392717
553129
864517
764350
569270
645692
557622
242190
598698
1060689
528865
468654
473597
459444
419901
384629
323969
290718
568494
299617
418778
430910
515385
328696
379453
414148
345674
436302
48977
676497
103096
177486
778694
429781
497193
48977
899952
559482
566609
563913
469553
563464
544592
499658
388224
420126
446637
555376
555376
469821
527698
435404
527966
544592
548186
515385
678493
395862
309824
500324
572900
497861
582336
606617
621410
526169
527966
518530
452928
461016
192764
170746
148280
178385
172094
189618
49876
10000
10000
10000
10000
838456
182429
189618
171196
205345
216578
199953
220173
138836
224674
126262
9436
221521
175240
231856
262410
190085
215213
231856
294313
49876
10000
1040206
327114
50774
10000
10000
11682
873054
263758
302401
297709
247332
193446
309806
303749
328912
304198
266005
300154
216578
159513
180182
204446
90316
150976
179733
137046
231406
214781
160861
208490
207592
202200
153222
163108
213433
170297
172544
163557
152324
195909
252525
218376
175689
240393
278586
219274
132553
203332
104012
129857
129408
44484
153672
189618
80430
74589
183328
98853
107390
167601
189618
151874
172993
140192
167601
165354
174790
143337
216578
170746
160412
207142
226014
183777
171196
186024
195460
160861
166253
235450
99302
63434
242578
182628
301053
210288
209838
213882
284661
149844
126262
108738
115478
139742
160412
179733
168500
228710
275441
264441
279952
245534
293518
148625
133901
126262
209389
284877
350480
131205
10000
1091664
156584
672058
573493
461914
416981
233653
10000
551332
533358
118174
181980
269600
251626
394472
350073
278586
374744
366206
393166
402153
476742
446637
341493
462813
452945
569288
555376
529764
358568
477641
627952
658489
736457
572900
502138
526834
442456
535561
255402
224900
386642
449333
588626
401254
366630
697814
874742
1313510
1089398
1672561
1142842
1076057
804756
1020436
1070761
1081113
747673
357220
164456
10000
578670
362106
2087962
1148140
1466297
1514037
1326881
1258349
967773
420522
2078037
1514526
1228062
1400088
1156149
985770
1051042
27858
485402
657505
1190264
978864
1075488
831033
921168
909632
651533
557622
13030
10000
377645
2025838
329260
1647573
1610997
1196032
2039808
1644232
1104461
1395664
1018408
1672732
1416194
1741914
1430417
1034929
1741482
1733261
1424370
1610426
820392
1303904
1104164
1452694
729246
808461
532480
1379344
208041
1051889
831266
963588
1027690
1406902
972950
730780
1081813
1048602
1473056
878896
342841
776897
407994
890578
780042
1015878
1159793
957529
858340
1091101
1018765
1033556
986286
934838
689501
1260009
1548584
1618238
1096589
1196574
831802
762302
1407890
1053090
1357393
1074949
986332
1517848
764586
1539534
1212810
942892
1158424
828337
558561
1314260
754346
733866
687445
909994
947541
2497182
868112
1140857
970458
495616
989866
723626
752981
849920
468309
841045
618496
776874
987136
921600
895658
760490
704512
890197
1179648
816469
843093
332458
719530
1185014
764816
884737
1095025
871257
1243305
943954
980090
870142
769941
963181
818490
1199853
1022682
1269272
1180044
1168296
1228897
1026952
1133442
1023132
1219852
1158918
1194328
1188936
1075254
1127994
866596
790377
933498
687246
481236
826026
404464
219274
1161077
1350040
1067822
890578
1104513
1148677
872188
1189569
1222636
1264900
990770
1208442
1387213
1495490
1186256
1568242
1269954
1520785
1426954
1299600
1565477
1325978
1063576
1282086
1081666
1491168
1313526
839458
1357098
1535605
1393149
794421
774201
527966
640352
744044
805205
807590
899426
965669
736405
880926
1063788
1150293
1378105
646166
643420
390920
969661
895072
1080646
758884
890618
796322
998868
1144668
1328169
1302038
1132213
1629978
1353149
2084749
964598
345429
2610517
1906858
1203613
1274538
2118314
2058030
1703978
1477670
1340074
2424149
2488225
1422166
1280209
1550936
1237092
1349012
824413
1045648
1223753
1649624
636281
1622197
1235038
1574248
1659233
1569381
1860749
1440242
1499136
2743637
1811957
1471549
1445052
1889621
1932429
1400822
1311718
1368938
1714176
2082741
1515797
1174341
723280
832450
960302
782738
720730
713593
896670
700657
712876
891244
590873
103796
1605701
701625
985388
835689
890200
773302
856878
1046497
869460
472698
780941
547032
845469
525253
601826
548466
315709
815046
474013
614038
580089
583520
468205
586613
442368
707242
333854
867213
349132
1482169
807184
730166
686504
625132
695985
444624
744312
699698
743344
645009
833962
791725
669506
841180
643469
678441
559869
499658
663748
667860
670172
681189
563014
510442
581437
392717
553129
864517
764350
569270
645692
557622
242190
598698
1060689
528865
468654
473597
459444
419901
384629
323969
290718
568494
299617
418778
430910
515385
328696
379453
414148
345674
436302
48977
676497
103096
177486
778694
429781
497193
48977
899952
559482
566609
563913
469553
563464
544592
499658
388224
420126
446637
555376
555376
469821
527698
435404
527966
544592
548186
515385
678493
395862
309824
500324
572900
497861
582336
606617
621410
526169
527966
518530
452928
461016
192764
170746
148280
178385
172094
189618
49876
10000
10000
10000
10000
838456
182429
189618
171196
205345
216578
199953
220173
138836
224674
126262
9436
221521
175240
231856
262410
190085
215213
231856
294313
49876
10000
1040206
327114
50774
10000
10000
11682
873054
263758
302401
297709
247332
193446
309806
303749
328912
304198
266005
300154
216578
159513
180182
204446
90316
150976
179733
137046
