557838
776897
542157
796026
632428
809629
680973
693157
655508
688378
1003810
864517
741400
767461
741184
641864
640300
737805
890129
799813
846094
681638
1008304
913944
775549
843632
881125
623674
809249
732413
951238
416981
1084690
1026726
688378
799364
728369
633110
557173
682537
576045
762518
1046048
945181
1122201
900913
980894
705004
825874
928106
1220605
807021
1054566
1055484
710396
817786
828121
748589
767910
736906
100201
1384396
1319242
1045149
866582
1161258
1050092
1070761
1217244
923829
1205112
838905
1104910
943150
1148781
1049806
1014145
836209
1021784
1027625
911248
709048
731964
673550
701625
923164
1026493
801161
874852
996958
947756
833064
664564
613789
687030
719832
813742
632661
621048
581341
615414
710594
672202
651533
662766
573798
563014
714889
833962
663216
678493
650185
687480
658722
520328
876433
335418
1319709
675149
737114
803381
764584
696198
549534
581965
846465
703190
641430
474046
446188
587728
850821
891693
883389
798708
746998
429562
128060
150976
142438
187821
148280
207142
200402
253873
403501
504601
533808
567957
518704
467133
474945
390470
439897
141090
931269
510408
710082
872308
572102
738314
640982
518530
694436
560138
563194
631313
734980
764894
657824
674898
676696
868380
835017
777926
775444
701193
839570
849240
659614
634914
872838
731281
480786
122880
1317233
576478
977316
730616
731065
1080197
891028
938038
730586
682349
959333
604802
687480
584582
947194
887882
860922
751285
757620
1002108
843726
765068
811158
811046
704029
579716
630414
626820
634044
1009885
805836
1044752
711530
1090814
721164
465853
933265
557838
776897
542157
796026
632428
809629
680973
693157
655508
688378
1003810
864517
741400
767461
741184
641864
640300
737805
890129
799813
846094
681638
1008304
913944
775549
843632
881125
623674
809249
732413
951238
416981
1084690
1026726
688378
799364
728369
633110
557173
682537
576045
762518
1046048
945181
1122201
900913
980894
705004
825874
928106
1220605
807021
1054566
1055484
710396
817786
828121
748589
767910
736906
100201
1384396
1319242
1045149
866582
1161258
1050092
1070761
1217244
923829
1205112
838905
1104910
943150
1148781
1049806
1014145
836209
1021784
1027625
911248
709048
731964
673550
701625
923164
1026493
801161
874852
996958
947756
833064
664564
613789
687030
719832
813742
632661
621048
581341
615414
710594
672202
651533
662766
573798
563014
714889
833962
663216
678493
650185
687480
658722
520328
876433
335418
1319709
675149
737114
803381
764584
696198
549534
581965
846465
703190
641430
474046
446188
587728
850821
891693
883389
798708
746998
429562
128060
150976
142438
187821
148280
207142
200402
253873
403501
504601
533808
567957
518704
467133
474945
390470
439897
141090
931269
510408
710082
872308
572102
738314
640982
518530
694436
560138
563194
631313
734980
764894
657824
674898
676696
868380
835017
777926
775444
701193
839570
849240
659614
634914
872838
731281
480786
122880
1317233
576478
977316
730616
731065
1080197
891028
938038
730586
682349
959333
604802
687480
584582
947194
887882
860922
751285
757620
1002108
843726
765068
811158
811046
704029
579716
630414
626820
634044
1009885
805836
1044752
711530
1090814
721164
465853
933265
557838
776897
542157
796026
632428
809629
680973
693157
655508
688378
1003810
864517
741400
767461
741184
641864
640300
737805
890129
799813
846094
681638
1008304
913944
775549
843632
881125
623674
809249
732413
951238
416981
1084690
1026726
688378
799364
728369
633110
557173
682537
576045
762518
1046048
945181
1122201
900913
980894
705004
825874
928106
1220605
807021
1054566
1055484
710396
817786
828121
748589
767910
736906
100201
1384396
1319242
1045149
866582
1161258
1050092
1070761
1217244
923829
1205112
838905
1104910
943150
1148781
1049806
1014145
836209
1021784
1027625
911248
709048
731964
673550
701625
923164
1026493
801161
874852
996958
947756
833064
664564
613789
687030
719832
813742
632661
621048
581341
615414
710594
672202
651533
662766
573798
563014
714889
833962
663216
678493
650185
687480
658722
520328
876433
335418
1319709
675149
737114
803381
764584
696198
549534
581965
846465
703190
641430
474046
446188
587728
850821
891693
883389
798708
746998
429562
128060
150976
142438
187821
148280
207142
200402
253873
403501
504601
533808
567957
518704
467133
474945
390470
439897
141090
931269
510408
710082
872308
572102
738314
640982
518530
694436
560138
563194
631313
734980
764894
657824
674898
676696
868380
835017
777926
775444
701193
839570
849240
659614
634914
872838
731281
480786
122880
1317233
576478
977316
730616
731065
1080197
891028
938038
730586
682349
959333
604802
687480
584582
947194
887882
860922
751285
757620
1002108
843726
765068
811158
811046
704029
579716
630414
626820
634044
1009885
805836
1044752
711530
1090814
721164
465853
933265
557838
776897
542157
796026
632428
809629
680973
693157
655508
688378
1003810
864517
741400
767461
741184
641864
640300
737805
890129
799813
846094
681638
1008304
913944
775549
843632
881125
623674
809249
732413
951238
416981
1084690
1026726
688378
799364
728369
633110
557173
682537
576045
762518
1046048
945181
1122201
900913
980894
705004
825874
928106
1220605
807021
1054566
1055484
710396
817786
828121
748589
767910
736906
100201
1384396
1319242
1045149
866582
1161258
1050092
1070761
1217244
923829
1205112
838905
1104910
943150
1148781
1049806
1014145
836209
1021784
1027625
911248
709048
731964
673550
701625
923164
1026493
801161
874852
996958
947756
833064
664564
613789
687030
719832
813742
632661
621048
581341
615414
710594
672202
651533
662766
573798
563014
714889
833962
663216
678493
650185
687480
658722
520328
876433
335418
1319709
675149
737114
803381
764584
696198
549534
581965
846465
703190
641430
474046
446188
587728
850821
891693
883389
798708
746998
429562
128060
150976
142438
187821
148280
207142
200402
253873
403501
504601
533808
567957
518704
467133
474945
390470
439897
141090
931269
510408
710082
872308
572102
738314
640982
518530
694436
560138
563194
631313
734980
764894
657824
674898
676696
868380
835017
777926
775444
701193
839570
849240
659614
634914
872838
731281
480786
122880
1317233
576478
977316
730616
731065
1080197
891028
938038
730586
682349
959333
604802
687480
584582
947194
887882
860922
751285
757620
1002108
843726
765068
811158
811046
704029
579716
630414
626820
634044
1009885
805836
1044752
711530
1090814
721164
465853
933265
557838
776897
542157
796026
632428
809629
680973
693157
655508
688378
1003810
864517
741400
767461
741184
641864
640300
737805
890129
799813
846094
681638
1008304
913944
775549
843632
881125
623674
809249
732413
951238
416981
1084690
1026726
688378
799364
728369
633110
557173
682537
576045
762518
1046048
945181
1122201
900913
980894
705004
825874
928106
1220605
807021
1054566
1055484
710396
817786
828121
748589
767910
736906
100201
1384396
1319242
1045149
866582
1161258
1050092
1070761
1217244
923829
1205112
838905
1104910
943150
1148781
1049806
1014145
836209
1021784
1027625
911248
709048
731964
673550
701625
923164
1026493
801161
874852
996958
947756
833064
664564
613789
687030
719832
813742
632661
621048
581341
615414
710594
672202
651533
662766
573798
563014
714889
833962
663216
678493
650185
687480
658722
520328
876433
335418
1319709
675149
737114
803381
764584
696198
549534
581965
846465
703190
641430
474046
446188
587728
850821
891693
883389
798708
746998
429562
128060
150976
142438
187821
148280
207142
200402
253873
403501
504601
533808
567957
518704
467133
474945
390470
439897
141090
931269
510408
710082
872308
572102
738314
640982
518530
694436
560138
563194
631313
734980
764894
657824
674898
676696
868380
835017
777926
775444
701193
839570
849240
659614
634914
872838
731281
480786
122880
1317233
576478
977316
730616
731065
1080197
891028
938038
730586
682349
959333
604802
687480
584582
947194
887882
860922
751285
757620
1002108
843726
765068
811158
811046
704029
579716
630414
626820
634044
1009885
805836
1044752
