807228
2019744
1897294
1907208
1830190
2094620
2103776
1069056
2598912
2529280
2450773
2088134
740010
2453504
2493098
2222724
1332226
953002
2563413
1689537
1821286
1730244
1524138
916821
2426622
1952534
2281928
854016
2649429
1844613
1936677
2249145
1167360
2033664
2562048
2443946
2430293
1100458
2002261
2544298
2478762
2390016
196608
1015808
1934677
2557952
2764117
1283413
1975637
2445994
3629105
2690030
2370128
1985604
1951904
2035222
2206933
1971389
2192833
1669238
1903825
1831033
1934829
2007172
1924944
1734798
2061186
1954613
2381436
2257414
1980416
2161322
1377621
496981
1606997
2463061
2488320
1810432
1295018
2665130
3691156
2197249
2388413
2185428
2004856
2277376
2632362
1887573
1422677
1454080
2537472
2566144
1967445
1399466
1918293
2620074
2565461
1269702
901120
902485
2454869
2366404
1388850
1390504
2480128
2691072
2776405
2678784
1182378
1442474
2143354
807809
1107318
1070510
770788
356677
879438
704338
533574
1006506
1302817
1707693
1521033
690590
1570133
2550442
2370901
1615412
1084921
1657382
1882684
1864858
1363129
936582
2379776
2298538
2374314
2398890
1182378
1643178
2576384
2534058
1438714
788020
1270013
1531906
1715860
1768288
1393701
1089746
1284420
1136588
1829037
1203842
1750978
1725717
1258049
1527808
633054
2316970
1467598
1409585
1441866
883938
1405129
1223750
1074356
1071210
889146
1427188
555804
422373
10000
3145
1123782
398109
318128
653780
454725
518081
470002
394514
328912
407096
532884
489798
511790
566160
682537
840253
867662
536737
844064
594913
469877
906884
591772
563732
536253
654877
604353
773302
758708
808620
645673
557138
565710
759373
702534
841198
1016136
1004994
784682
629649
401570
982778
397124
10000
1076500
744898
632410
632661
698713
690176
544592
419677
368453
589974
749730
769984
802474
682952
726572
870845
51636
766562
55268
10000
1348904
635801
827222
703312
687141
641718
969357
890578
805205
443941
943626
587072
695514
590873
638053
804300
926082
766796
933930
634458
784086
453377
846544
469553
352277
890216
752996
10000
1214548
201301
1352044
921954
1039385
896869
1064920
1037165
916086
766562
669290
977106
770117
683436
404849
819134
697149
884953
591772
764316
585032
777580
728740
763262
634692
482800
10000
10000
1416005
610038
616485
751285
128958
38912
1598009
618282
545041
444840
351378
425069
421025
463945
616701
602556
443042
380585
632212
581437
660520
504152
435188
345753
413836
399906
459218
309590
216129
177936
186473
139293
211186
239494
169848
109637
72792
10000
10000
10000
10000
829037
165786
319476
115928
10000
10000
895970
334753
307344
452928
251177
320374
433606
526169
451580
393166
385528
427316
361360
383634
555825
544592
592670
413836
10000
121281
1274348
525720
522574
434505
495614
522930
433700
596049
649286
540098
665013
505949
763417
620529
763417
651533
792576
1424884
1088606
1011577
811046
1013030
1164456
1003085
521036
390920
302401
10000
10000
915525
113448
148729
161760
88069
2696
10000
10000
10000
713990
10000
271701
398704
149178
190068
233653
202649
124914
10000
534257
203997
189618
53021
481685
223318
238829
256120
229842
200618
241741
122668
10000
426866
174790
147830
170746
226014
181530
310938
252974
223768
199953
180182
354973
298264
319120
162658
126262
87620
246234
384629
271846
331608
461016
632661
723980
700856
557622
592662
585040
505050
603005
433465
599102
461016
614722
661384
742298
858226
669956
721629
682986
630414
611093
122668
463356
885542
133452
1349833
759786
666028
980736
788389
994374
1026996
946225
1252093
1444473
1015005
1148218
1229297
653625
1754132
1457253
1106198
1060486
1112998
1717769
1390668
1481502
783810
510634
1424042
898645
873504
651505
766652
822748
839274
758924
748840
707000
656476
610194
808134
732258
786704
615604
665894
640749
621428
567957
563913
551332
863248
865989
1053734
624538
518314
468870
461914
432258
360814
420126
289370
260484
262090
292300
454042
420576
301209
592065
662317
682088
1119738
93910
1506165
572900
492469
544142
534257
472033
501222
424170
119522
1268018
729268
824077
854701
783568
853085
865165
666361
657430
1125429
759684
666361
656026
682088
576045
481685
427765
533808
448650
369801
473148
459668
374373
395550
333405
334753
361713
328462
362162
376541
358118
341942
378572
363277
314084
363960
364858
305097
162209
807228
2019744
1897294
1907208
1830190
2094620
2103776
1069056
2598912
2529280
2450773
2088134
740010
2453504
2493098
2222724
1332226
953002
2563413
1689537
1821286
1730244
1524138
916821
2426622
1952534
2281928
854016
2649429
1844613
1936677
2249145
1167360
2033664
2562048
2443946
2430293
1100458
2002261
2544298
2478762
2390016
196608
1015808
1934677
2557952
2764117
1283413
1975637
2445994
3629105
2690030
2370128
1985604
1951904
2035222
2206933
1971389
2192833
1669238
1903825
1831033
1934829
2007172
1924944
1734798
2061186
1954613
2381436
2257414
1980416
2161322
1377621
496981
1606997
2463061
2488320
1810432
1295018
2665130
3691156
2197249
2388413
2185428
2004856
2277376
2632362
1887573
1422677
1454080
2537472
2566144
1967445
1399466
1918293
2620074
2565461
1269702
901120
902485
2454869
2366404
1388850
1390504
2480128
2691072
2776405
2678784
1182378
1442474
2143354
807809
1107318
1070510
770788
356677
879438
704338
533574
1006506
1302817
1707693
1521033
690590
1570133
2550442
2370901
1615412
1084921
1657382
1882684
1864858
1363129
936582
2379776
2298538
2374314
2398890
1182378
1643178
2576384
2534058
1438714
788020
1270013
1531906
1715860
1768288
1393701
1089746
1284420
1136588
1829037
1203842
1750978
1725717
1258049
1527808
633054
2316970
1467598
1409585
1441866
883938
1405129
1223750
1074356
1071210
889146
1427188
555804
422373
10000
3145
1123782
398109
318128
653780
454725
518081
470002
394514
328912
407096
532884
489798
511790
566160
682537
840253
867662
536737
844064
594913
469877
906884
591772
563732
536253
654877
604353
773302
758708
808620
645673
557138
565710
759373
702534
841198
1016136
1004994
784682
629649
401570
982778
397124
10000
1076500
744898
632410
632661
698713
690176
544592
419677
368453
589974
749730
769984
802474
682952
726572
870845
51636
766562
55268
10000
1348904
635801
827222
703312
687141
641718
969357
890578
805205
443941
943626
587072
695514
590873
638053
804300
926082
766796
933930
634458
784086
453377
846544
469553
352277
890216
752996
10000
1214548
201301
1352044
921954
1039385
896869
1064920
1037165
916086
766562
669290
977106
770117
683436
404849
819134
697149
884953
591772
764316
585032
777580
728740
763262
634692
482800
10000
10000
1416005
610038
616485
751285
128958
38912
1598009
618282
545041
444840
351378
425069
421025
463945
616701
602556
443042
380585
632212
581437
660520
504152
435188
345753
413836
399906
459218
309590
216129
177936
186473
139293
211186
239494
169848
109637
72792
10000
10000
10000
10000
829037
165786
319476
115928
10000
10000
895970
334753
307344
452928
251177
320374
433606
526169
451580
393166
385528
427316
361360
383634
555825
544592
592670
413836
10000
121281
1274348
525720
522574
434505
495614
522930
433700
596049
649286
540098
665013
505949
763417
620529
763417
651533
792576
1424884
1088606
1011577
811046
1013030
1164456
1003085
521036
390920
302401
10000
10000
915525
113448
148729
161760
88069
2696
10000
10000
10000
713990
10000
271701
398704
149178
190068
233653
202649
124914
10000
534257
203997
189618
53021
481685
223318
238829
256120
229842
200618
241741
122668
10000
426866
174790
147830
170746
226014
181530
310938
252974
223768
199953
180182
354973
298264
319120
162658
126262
87620
246234
384629
271846
331608
461016
632661
723980
700856
557622
592662
585040
505050
603005
433465
599102
461016
614722
661384
742298
858226
669956
721629
682986
630414
611093
122668
463356
885542
133452
1349833
759786
666028
980736
788389
994374
1026996
946225
1252093
1444473
1015005
1148218
1229297
653625
1754132
1457253
1106198
1060486
1112998
1717769
1390668
1481502
783810
510634
1424042
898645
873504
651505
766652
822748
839274
758924
748840
707000
656476
610194
808134
732258
786704
615604
665894
640749
621428
567957
563913
551332
863248
865989
1053734
624538
518314
468870
461914
