379401
1110098
1245202
2096909
1096053
585930
1610209
981096
1696832
1129924
1267802
1630397
896420
966965
1354541
1143685
1887949
1555125
1439664
1441461
1136813
407096
475844
824526
414734
812628
956397
519429
1137306
1131826
1338026
1415057
1543813
949069
1044034
1273306
1140944
888038
1301562
1773518
591842
994645
2359604
1623844
1179034
1134798
1879829
1298418
1602658
1122549
1005322
895000
1851524
1118577
1246498
341680
282181
248481
223318
276340
202649
309374
374381
602685
1405041
1223576
1106906
618205
392034
569616
277392
1408290
1286208
1953920
1298570
1645009
1377656
1002912
1780325
1165869
2046305
1687738
1730382
1509794
1673282
1009454
1478504
844282
912014
1212897
921582
309230
580449
380585
279485
176588
746792
327114
126262
984938
1375928
1355193
1533449
1534552
1272321
1041554
912314
832550
843778
843813
1420642
1275180
2180558
2083564
2325446
2813269
1918108
976909
2729984
2719061
1375573
2389333
2137994
1563314
1012806
1205729
1928533
2963456
1924885
1484148
1181994
1832582
1236596
2278058
2876074
2652804
1791632
1290098
1800192
2438881
2418129
1796766
1726713
1413330
339968
619861
1654784
2267714
1505924
1708182
1031220
919286
1462629
1228962
845445
593746
939093
616036
370700
523473
635806
487976
573798
2246
14828
35048
8537
75488
703656
64704
10000
10000
10000
10000
10000
10000
10000
10000
10000
11682
5392
10298
14828
12581
16176
11682
17973
16625
19770
10000
10000
10000
10000
10000
10000
10000
10000
10000
10000
10000
7638
12581
39092
18422
31004
27409
37294
1348
15726
10000
10000
10000
10000
10000
298321
896420
1720800
1990185
2668544
2237781
1138688
2302634
665804
434721
736457
1121985
1050990
885886
1209217
1555804
2010242
1695309
1217718
1221737
521676
94809
1006930
909925
609296
373396
136148
725224
433157
187821
62906
10000
1300820
1106708
826324
787252
953465
744477
944566
743646
373845
183328
141540
84924
82677
2246
4044
102448
1055717
1403484
1486844
1785300
2064138
1974890
1244826
1464816
1370682
720730
1120058
414414
1364625
1136364
627718
546838
1067616
976437
1094989
1250781
1537098
1305733
1432824
984721
1095821
785636
397009
292516
343749
1029413
481236
166253
448884
579190
265106
349132
289820
341942
437037
643376
667260
331608
195909
225116
328013
394964
300604
240393
314084
506848
350929
677145
441245
415633
657824
347784
563913
709946
544592
560768
873054
722078
644793
619414
986857
847986
729268
683436
595816
521226
406820
737865
597380
531129
702290
556508
921582
962454
887882
1110752
1174790
841402
846077
1072888
1076472
1323624
944930
1130202
822945
476293
703656
633560
652432
761170
237248
637604
702308
693554
693088
442593
1334106
807874
731505
561548
1055602
647040
887882
768809
490805
1888656
1653305
214781
1018924
1514381
1398810
1194321
992134
1376308
865865
291204
2412544
454166
631762
1056229
576133
157653
1040334
992577
1013246
1203628
635942
765214
1371001
1213564
1220838
1448953
828441
1120386
900248
1705301
1652410
1606600
1899680
2085000
1249962
1959452
1219438
1107201
1310534
1127765
1416838
1318441
1102664
1117941
1118390
842137
1230637
599860
3145
289182
923334
89417
5841
1263076
709048
462364
583684
532010
996034
705590
558970
583234
514270
684766
413386
715338
806553
775549
885869
784302
1362200
1426812
1268684
654930
1004132
1719025
775117
748356
924944
779429
998150
893940
588842
1230274
799614
585230
395862
690210
902065
762230
580988
531112
1267440
874161
1127514
848341
837557
1050541
882041
839132
991901
390344
315558
195460
265556
863402
732753
1807094
616934
948992
1031220
1443708
1794517
1952041
810002
1340489
1504368
1409558
885186
184676
628634
743629
1002013
1110245
1060876
1145984
1041946
699758
481236
674196
821634
394514
1021784
949242
937001
1689550
1430686
389153
1391096
472310
558529
474426
331158
311837
364464
467018
431809
483482
1026528
947177
1526869
477373
433390
462580
357913
238118
72792
59312
13480
379401
1110098
1245202
2096909
1096053
585930
1610209
981096
1696832
1129924
1267802
1630397
896420
966965
1354541
1143685
1887949
1555125
1439664
1441461
1136813
407096
475844
824526
414734
812628
956397
519429
1137306
1131826
1338026
1415057
1543813
949069
1044034
1273306
1140944
888038
1301562
1773518
591842
994645
2359604
1623844
1179034
1134798
1879829
1298418
1602658
1122549
1005322
895000
1851524
1118577
1246498
341680
282181
248481
223318
276340
202649
309374
374381
602685
1405041
1223576
1106906
618205
392034
569616
277392
1408290
1286208
1953920
1298570
1645009
1377656
1002912
1780325
1165869
2046305
1687738
1730382
1509794
1673282
1009454
1478504
844282
912014
1212897
921582
309230
580449
380585
279485
176588
746792
327114
126262
984938
1375928
1355193
1533449
1534552
1272321
1041554
912314
832550
843778
843813
1420642
1275180
2180558
2083564
2325446
2813269
1918108
976909
2729984
2719061
1375573
2389333
2137994
1563314
1012806
1205729
1928533
2963456
1924885
1484148
1181994
1832582
1236596
2278058
2876074
2652804
1791632
1290098
1800192
2438881
2418129
1796766
1726713
1413330
339968
619861
1654784
2267714
1505924
1708182
1031220
919286
1462629
1228962
845445
593746
939093
616036
370700
523473
635806
487976
573798
2246
14828
35048
8537
75488
703656
64704
10000
10000
10000
10000
10000
10000
10000
10000
10000
11682
5392
10298
14828
12581
16176
11682
17973
16625
19770
10000
10000
10000
10000
10000
10000
10000
10000
10000
10000
10000
7638
12581
39092
18422
31004
27409
37294
1348
15726
10000
10000
10000
10000
10000
298321
896420
1720800
1990185
2668544
2237781
1138688
2302634
665804
434721
736457
1121985
1050990
885886
1209217
1555804
2010242
1695309
1217718
1221737
521676
94809
1006930
909925
609296
373396
136148
725224
433157
187821
62906
10000
1300820
1106708
826324
787252
953465
744477
944566
743646
373845
183328
141540
84924
82677
2246
4044
102448
1055717
1403484
1486844
1785300
2064138
1974890
1244826
1464816
1370682
720730
1120058
414414
1364625
1136364
627718
546838
1067616
976437
1094989
1250781
1537098
1305733
1432824
984721
1095821
785636
397009
292516
343749
1029413
481236
166253
448884
579190
265106
349132
289820
341942
437037
643376
667260
331608
195909
225116
328013
394964
300604
240393
314084
506848
350929
677145
441245
415633
657824
347784
563913
709946
544592
560768
873054
722078
644793
619414
986857
847986
729268
683436
595816
521226
406820
737865
597380
531129
702290
556508
921582
962454
887882
1110752
1174790
841402
846077
1072888
1076472
1323624
944930
1130202
822945
476293
703656
633560
652432
761170
237248
637604
702308
693554
693088
442593
1334106
807874
731505
561548
1055602
647040
887882
768809
490805
1888656
1653305
214781
1018924
1514381
1398810
1194321
992134
1376308
865865
291204
2412544
454166
631762
1056229
576133
157653
1040334
992577
1013246
1203628
635942
765214
1371001
1213564
1220838
1448953
828441
1120386
900248
1705301
1652410
1606600
1899680
2085000
1249962
1959452
1219438
1107201
1310534
1127765
1416838
1318441
1102664
1117941
1118390
842137
1230637
599860
3145
289182
923334
89417
5841
1263076
709048
462364
583684
532010
996034
705590
558970
583234
514270
684766
413386
715338
806553
775549
885869
784302
1362200
1426812
1268684
654930
1004132
1719025
775117
748356
924944
779429
998150
893940
588842
1230274
799614
585230
395862
690210
902065
762230
580988
531112
1267440
874161
1127514
848341
837557
1050541
882041
839132
991901
390344
315558
195460
265556
863402
732753
1807094
616934
948992
1031220
1443708
1794517
1952041
810002
1340489
1504368
1409558
885186
184676
628634
743629
1002013
1110245
1060876
1145984
1041946
699758
481236
674196
821634
394514
1021784
949242
937001
1689550
1430686
389153
1391096
472310
558529
474426
331158
311837
364464
467018
431809
483482
1026528
947177
1526869
477373
433390
462580
357913
238118
72792
59312
13480
379401
1110098
1245202
2096909
1096053
585930
1610209
981096
1696832
1129924
1267802
1630397
896420
966965
1354541
1143685
1887949
1555125
1439664
1441461
1136813
407096
475844
824526
414734
812628
956397
519429
1137306
1131826
1338026
1415057
1543813
949069
1044034
1273306
1140944
888038
1301562
1773518
591842
994645
2359604
