240842
523473
1305557
1894282
1747769
1030826
1862120
2209233
2033682
1726929
1427664
379562
1585152
1282793
247133
10000
281846
630749
661860
1199409
1375776
1650005
2129208
2520405
1928974
571336
776214
685233
314084
737581
650858
835065
1311400
691973
792624
719382
1014378
1235857
942726
1446920
1152410
1068638
1112021
989000
1113430
983590
1038376
604836
438998
241929
1635618
1434812
1681810
1990482
1658938
1327330
304517
927061
2077761
900464
921582
1033017
1711180
1970777
1767908
2138312
1305617
1683456
2746368
2600960
2637824
1482752
1348949
2570922
2632362
2354289
1188020
651982
1729798
2277048
1870824
1476028
1391274
2671957
2440898
2324910
869305
655360
1344853
2482858
2689108
1549978
1107396
1594298
856348
470488
822505
843250
1153774
732806
937245
810717
703889
709480
614688
756945
599465
290646
495364
515385
359916
311837
329361
501456
249829
392268
288956
281464
266454
449350
446620
312286
200402
209389
128742
107390
153672
229609
313185
465509
113232
10000
10000
10000
987185
1048528
1205048
2157313
1605234
1439232
1086034
879789
1745578
1397500
815232
1666177
1039232
1013797
935961
148280
10000
10000
10000
10000
10000
204445
292481
674449
1040376
1644390
2094833
2021958
2242446
2406645
641706
963925
735914
1785856
2592768
1791317
1743530
2624170
2428928
2636458
1732608
1325738
2450773
2545340
2087002
1567402
1389909
2455552
2689024
1798538
1372160
1245184
2608469
1479922
999756
1240366
867017
964269
408444
826324
163108
251626
131205
10000
10000
10000
948093
708598
504300
557924
652881
554028
359916
152618
983745
606150
729268
537402
946436
1674421
1570074
1784350
1838421
2560682
2519040
2622805
2027520
1202858
1572181
1790870
1919928
1131593
1559893
1652058
1026754
1715340
1610329
1469781
2081253
2278290
1688716
1100440
1066553
692586
1078400
461681
1045700
1727585
925929
729864
857777
662317
535873
1220570
1084241
877548
820789
923930
838913
666844
523473
873106
623622
375193
572900
898
10000
1000693
856850
115029
320824
415633
643894
399457
709946
834861
492020
555376
551781
210288
890129
1031629
708976
960337
962061
1150704
821280
1328780
591772
153222
71444
209838
270498
302401
403950
44034
10000
695620
1379401
1241508
810148
933948
910565
863169
1014485
1233529
845525
852505
750836
676246
932586
1118490
826902
1166270
956380
1211402
844081
822945
321230
466001
1218592
572506
636280
630568
540764
375642
415184
321273
173892
1031013
377276
873874
742617
955413
716237
806290
823890
962472
898217
641648
517632
620529
974604
713092
1645394
1721626
1436498
973298
1617410
1094126
1134566
1342341
1184274
1962953
1755261
2012984
2053345
1876650
1287509
2497194
1473209
726264
971909
1648320
1855394
1474409
1855508
1593097
1474560
1134626
1363369
1340708
1123468
1217601
780336
911697
804073
650185
366206
121320
107840
10000
899596
336969
154570
10000
317706
599832
162282
823554
526618
502804
147321
766173
533358
717136
843614
889680
1144452
1055034
1120637
774650
1223085
1060864
1258396
782038
1236056
839648
777562
553596
793505
295661
753082
269833
520993
418778
460566
1387570
1101969
1518738
812852
1174557
625838
1111973
1287998
1222722
1070057
934781
860017
940228
1126712
970326
1156134
948326
1026942
589076
504152
403052
815090
959326
733312
667260
820033
299144
615698
442144
382382
293864
671554
936609
649286
1072109
371598
215230
442144
647040
498310
309590
1045598
823178
737882
1739292
1218510
710482
1235661
795918
1266521
347334
604802
480786
666361
1105662
1322984
777317
1207837
1849917
1282221
1353124
797540
840712
1133478
1405254
761620
1008753
891936
1046488
975053
797800
614629
1113722
835976
579493
982838
552680
807350
875402
986402
1071718
903517
760638
540997
240842
523473
1305557
1894282
1747769
1030826
1862120
2209233
2033682
1726929
1427664
379562
1585152
1282793
247133
10000
281846
630749
661860
1199409
1375776
1650005
2129208
2520405
1928974
571336
776214
685233
314084
737581
650858
835065
1311400
691973
792624
719382
1014378
1235857
942726
1446920
1152410
1068638
1112021
989000
1113430
983590
1038376
604836
438998
241929
1635618
1434812
1681810
1990482
1658938
1327330
304517
927061
2077761
900464
921582
1033017
1711180
1970777
1767908
2138312
1305617
1683456
2746368
2600960
2637824
1482752
1348949
2570922
2632362
2354289
1188020
651982
1729798
2277048
1870824
1476028
1391274
2671957
2440898
2324910
869305
655360
1344853
2482858
2689108
1549978
1107396
1594298
856348
470488
822505
843250
1153774
732806
937245
810717
703889
709480
614688
756945
599465
290646
495364
515385
359916
311837
329361
501456
249829
392268
288956
281464
266454
449350
446620
312286
200402
209389
128742
107390
153672
229609
313185
465509
113232
10000
10000
10000
987185
1048528
1205048
2157313
1605234
1439232
1086034
879789
1745578
1397500
815232
1666177
1039232
1013797
935961
148280
10000
10000
10000
10000
10000
204445
292481
674449
1040376
1644390
2094833
2021958
2242446
2406645
641706
963925
735914
1785856
2592768
1791317
1743530
2624170
2428928
2636458
1732608
1325738
2450773
2545340
2087002
1567402
1389909
2455552
2689024
1798538
1372160
1245184
2608469
1479922
999756
1240366
867017
964269
408444
826324
163108
251626
131205
10000
10000
10000
948093
708598
504300
557924
652881
554028
359916
152618
983745
606150
729268
537402
946436
1674421
1570074
1784350
1838421
2560682
2519040
2622805
2027520
1202858
1572181
1790870
1919928
1131593
1559893
1652058
1026754
1715340
1610329
1469781
2081253
2278290
1688716
1100440
1066553
692586
1078400
461681
1045700
1727585
925929
729864
857777
662317
535873
1220570
1084241
877548
820789
923930
838913
666844
523473
873106
623622
375193
572900
898
10000
1000693
856850
115029
320824
415633
643894
399457
709946
834861
492020
555376
551781
210288
890129
1031629
708976
960337
962061
1150704
821280
1328780
591772
153222
71444
209838
270498
302401
403950
44034
10000
695620
1379401
1241508
810148
933948
910565
863169
1014485
1233529
845525
852505
750836
676246
932586
1118490
826902
1166270
956380
1211402
844081
822945
321230
466001
1218592
572506
636280
630568
540764
375642
415184
321273
173892
1031013
377276
873874
742617
955413
716237
806290
823890
962472
898217
641648
517632
620529
974604
713092
1645394
1721626
1436498
973298
1617410
1094126
1134566
1342341
1184274
1962953
1755261
2012984
2053345
1876650
1287509
2497194
1473209
726264
971909
1648320
1855394
1474409
1855508
1593097
1474560
1134626
1363369
1340708
1123468
1217601
780336
911697
804073
650185
366206
121320
107840
10000
899596
336969
154570
10000
317706
599832
162282
823554
526618
502804
147321
766173
533358
717136
843614
889680
1144452
1055034
1120637
774650
1223085
1060864
1258396
782038
1236056
839648
777562
553596
793505
295661
753082
269833
520993
418778
460566
1387570
1101969
1518738
812852
1174557
625838
1111973
1287998
1222722
1070057
934781
860017
940228
1126712
970326
1156134
948326
1026942
589076
504152
403052
815090
959326
733312
667260
820033
299144
615698
442144
382382
293864
671554
936609
649286
1072109
371598
215230
442144
647040
498310
309590
1045598
823178
737882
1739292
1218510
710482
1235661
795918
1266521
347334
604802
480786
666361
1105662
1322984
777317
1207837
1849917
1282221
1353124
797540
840712
1133478
1405254
761620
1008753
891936
1046488
975053
797800
614629
1113722
835976
579493
982838
552680
807350
875402
986402
1071718
903517
760638
540997
240842
523473
1305557
1894282
1747769
1030826
1862120
2209233
2033682
1726929
1427664
379562
1585152
1282793
247133
10000
281846
630749
661860
1199409
1375776
1650005
2129208
2520405
1928974
571336
776214
685233
314084
737581
650858
835065
1311400
691973
792624
719382
1014378
1235857
942726
1446920
1152410
1068638
1112021
989000
1113430
983590
1038376
604836
438998
241929
1635618
1434812
1681810
1990482
1658938
1327330
304517
927061
2077761
900464
921582
1033017
1711180
1970777
1767908
2138312
1305617
1683456
2746368
2600960
2637824
1482752
1348949
2570922
2632362
2354289
1188020
651982
1729798
2277048
1870824
1476028
1391274
2671957
2440898
2324910
869305
655360
1344853
2482858
2689108
1549978
1107396
1594298
856348
470488
822505
843250
1153774
732806
937245
810717
703889
709480
614688
756945
599465
290646
495364
515385
359916
311837
329361
501456
249829
