402714
499157
297009
873953
456522
512240
522125
1348829
864137
936854
1179505
677594
338348
625074
1053185
454509
594969
855262
1130721
919225
1730942
1700277
2191508
2185664
1561433
579473
382293
1724486
2072560
1787888
1399974
520328
1476077
846976
78184
843952
659517
295661
337898
427412
282984
330260
138844
167601
204446
362162
1035713
1377656
1255886
990009
1192669
827422
775981
833513
809102
872133
1618032
1416036
1532970
1627190
1556380
1168725
529749
2362026
2523136
1547298
1320277
1168441
771954
1318993
1763433
1518004
1609861
1313848
1418941
1305664
1159168
2152448
1879957
1618329
1635182
1357600
1732465
612982
2273984
2022808
1104398
981048
1216044
1028376
850120
865434
797602
671717
1022838
912440
285326
421474
608846
1168716
831621
867074
1434682
1371188
739729
1153488
1635336
1917133
1952422
1930480
2256896
1080389
1382400
2028885
1399261
1832308
1197892
1828181
1592413
1543244
1512025
1065737
1798144
1613034
1726777
1587474
1122162
1658880
1557121
2226305
1493644
1473401
1242453
1935204
1886741
1348017
1662976
1297066
1691664
784976
812844
536504
266454
10000
10000
10000
1200169
221305
254538
260176
796656
181530
299256
749869
944561
563037
702740
1107157
466408
113232
109637
40440
7189
100901
129606
39990
2696
15726
306894
41338
3594
28308
13030
10000
10000
10000
64620
1743248
1272017
1591600
1203314
1612168
1645226
1339734
1411400
1434308
714360
726572
1024030
275890
726357
630656
284850
778694
585158
771828
507297
142888
67400
242640
109188
1302202
833029
1286674
1118157
1440104
1318274
624652
527301
541213
288472
159064
10000
10000
10000
230560
1798536
1287882
1772301
1180717
2125270
1305838
1432893
1333930
1557845
1915646
974844
499336
1339425
1401992
1164745
722528
1430398
1282233
1177462
1488641
2001020
2284202
1327786
1821354
1677666
1281049
1016392
1054136
1082893
955637
986089
823021
677594
690625
290718
800332
827614
1508693
1067322
854938
944185
637826
605701
281516
6057
10000
111792
1023224
10000
82228
1136364
273194
162690
777314
377440
225022
294856
1015044
964053
263525
205345
112782
139742
192764
271846
239996
199452
300154
425069
291168
466857
568406
719970
523334
739602
1139958
1306261
1523629
1292760
878429
463262
535389
924261
413836
407994
690858
1075470
812265
1102816
653973
257018
135249
292066
298357
442144
530386
275268
447086
479438
10000
22916
1151114
1633509
1232865
733761
1089184
971245
937076
1729194
1618328
970568
647006
1081630
505880
726894
440922
750873
744957
638589
552144
885186
1437934
1070330
1321022
979657
1712242
775985
518272
895608
1413325
893717
1796562
1621126
1398101
1493029
1269193
1049014
1498705
1160533
1470668
1034996
1343497
1537990
985029
1600513
1349718
1748112
2362026
1498453
1363285
2379093
1824761
1457992
1201493
1678133
1325248
1258750
1292938
1211596
1342476
1224182
1126078
883322
585930
638009
271890
10000
378338
39990
10000
1028274
605052
908802
661617
292066
793522
661877
794412
782756
674432
1167042
1193754
650505
635936
898900
798604
790904
860024
942252
690625
871041
752201
842249
503253
324418
173442
258816
100201
48078
169398
192314
424620
625472
713325
477192
407934
319968
807452
609745
810165
981646
1120969
948573
685484
871222
758025
669956
666162
882240
723876
858226
800081
1146218
877605
356744
403501
491121
66166
723312
77734
528865
689632
578386
751285
721681
756858
446404
1134117
789029
374784
2336085
894581
1268018
890142
1384832
1103562
1412285
1351825
1394020
1300820
1365281
1201088
1562444
1388397
1211050
1651377
1559844
1078941
1759878
1254741
1260085
759296
1498534
1263552
1331348
1897432
1807446
1878105
1191465
1380052
936229
1719637
1331238
1633061
1295412
1062229
2248704
2261674
2201600
1882794
1978368
1213098
2104661
1679053
1622820
1818624
1241088
1502092
1837217
402714
499157
297009
873953
456522
512240
522125
1348829
864137
936854
1179505
677594
338348
625074
1053185
454509
594969
855262
1130721
919225
1730942
1700277
2191508
2185664
1561433
579473
382293
1724486
2072560
1787888
1399974
520328
1476077
846976
78184
843952
659517
295661
337898
427412
282984
330260
138844
167601
204446
362162
1035713
1377656
1255886
990009
1192669
827422
775981
833513
809102
872133
1618032
1416036
1532970
1627190
1556380
1168725
529749
2362026
2523136
1547298
1320277
1168441
771954
1318993
1763433
1518004
1609861
1313848
1418941
1305664
1159168
2152448
1879957
1618329
1635182
1357600
1732465
612982
2273984
2022808
1104398
981048
1216044
1028376
850120
865434
797602
671717
1022838
912440
285326
421474
608846
1168716
831621
867074
1434682
1371188
739729
1153488
1635336
1917133
1952422
1930480
2256896
1080389
1382400
2028885
1399261
1832308
1197892
1828181
1592413
1543244
1512025
1065737
1798144
1613034
1726777
1587474
1122162
1658880
1557121
2226305
1493644
1473401
1242453
1935204
1886741
1348017
1662976
1297066
1691664
784976
812844
536504
266454
10000
10000
10000
1200169
221305
254538
260176
796656
181530
299256
749869
944561
563037
702740
1107157
466408
113232
109637
40440
7189
100901
129606
39990
2696
15726
306894
41338
3594
28308
13030
10000
10000
10000
64620
1743248
1272017
1591600
1203314
1612168
1645226
1339734
1411400
1434308
714360
726572
1024030
275890
726357
630656
284850
778694
585158
771828
507297
142888
67400
242640
109188
1302202
833029
1286674
1118157
1440104
1318274
624652
527301
541213
288472
159064
10000
10000
10000
230560
1798536
1287882
1772301
1180717
2125270
1305838
1432893
1333930
1557845
1915646
974844
499336
1339425
1401992
1164745
722528
1430398
1282233
1177462
1488641
2001020
2284202
1327786
1821354
1677666
1281049
1016392
1054136
1082893
955637
986089
823021
677594
690625
290718
800332
827614
1508693
1067322
854938
944185
637826
605701
281516
6057
10000
111792
1023224
10000
82228
1136364
273194
162690
777314
377440
225022
294856
1015044
964053
263525
205345
112782
139742
192764
271846
239996
199452
300154
425069
291168
466857
568406
719970
523334
739602
1139958
1306261
1523629
1292760
878429
463262
535389
924261
413836
407994
690858
1075470
812265
1102816
653973
257018
135249
292066
298357
442144
530386
275268
447086
479438
10000
22916
1151114
1633509
1232865
733761
1089184
971245
937076
1729194
1618328
970568
647006
1081630
505880
726894
440922
750873
744957
638589
552144
885186
1437934
1070330
1321022
979657
1712242
775985
518272
895608
1413325
893717
1796562
1621126
1398101
1493029
1269193
1049014
1498705
1160533
1470668
1034996
1343497
1537990
985029
1600513
1349718
1748112
2362026
1498453
1363285
2379093
1824761
1457992
1201493
1678133
1325248
1258750
1292938
1211596
1342476
1224182
1126078
883322
585930
638009
271890
10000
378338
39990
10000
1028274
605052
908802
661617
292066
793522
661877
794412
782756
674432
1167042
1193754
650505
635936
898900
798604
790904
860024
942252
690625
871041
752201
842249
503253
324418
173442
258816
100201
48078
169398
192314
424620
625472
713325
477192
407934
319968
807452
609745
810165
981646
1120969
948573
685484
871222
758025
669956
666162
882240
723876
858226
800081
1146218
877605
356744
403501
491121
66166
723312
77734
528865
689632
578386
751285
721681
756858
446404
1134117
789029
374784
2336085
894581
1268018
890142
1384832
1103562
1412285
1351825
1394020
1300820
1365281
1201088
1562444
1388397
1211050
1651377
1559844
1078941
1759878
1254741
1260085
759296
1498534
1263552
1331348
1897432
1807446
1878105
1191465
1380052
936229
1719637
1331238
1633061
1295412
1062229
2248704
2261674
2201600
1882794
1978368
1213098
2104661
1679053
1622820
1818624
1241088
1502092
1837217
402714
499157
297009
873953
456522
512240
522125
1348829
864137
936854
1179505
677594
338348
625074
1053185
454509
594969
855262
1130721
919225
1730942
1700277
2191508
2185664
1561433
579473
382293
1724486
2072560
1787888
1399974
520328
1476077
846976
78184
843952
659517
295661
337898
427412
282984
330260
138844
167601
204446
362162
1035713
1377656
1255886
990009
1192669
827422
775981
833513
809102
872133
1618032
1416036
1532970
1627190
1556380
1168725
529749
2362026
2523136
1547298
1320277
1168441
771954
1318993
1763433
1518004
1609861
1313848
1418941
1305664
1159168
2152448
1879957
1618329
1635182
1357600
1732465
612982
2273984
2022808
1104398
981048
1216044
1028376
850120
865434
797602
671717
1022838
