1030910
1112409
1110302
1178601
1140857
1213649
1274309
1366872
1462617
1802688
2061870
2450794
1860229
1651361
1544454
869738
2211416
1852585
1663262
1553725
949589
2390016
1674285
1662412
1470490
958417
2325541
1822944
1659156
1624664
397533
1130496
2557269
2263300
1773896
1183744
2106709
1705152
1665082
1679548
1239573
2113536
1622065
1652189
1617400
1058305
2347373
1552896
1022682
1692440
749568
1091584
2295644
1177072
1386789
1480553
1088110
2143054
1602978
1262368
1018984
832528
1217244
1048294
927873
1058165
931033
1209890
1265538
1165953
1153721
674358
894894
1116593
975053
850588
846578
1026692
1008425
878774
670405
1025828
991216
1138174
911697
923657
1044573
1062738
998418
708149
569305
777201
741994
404849
1055237
1004112
1326985
1055992
853585
596776
539285
305996
295212
377224
274309
503702
944049
762518
635357
943220
979261
1074572
926897
993104
679392
684136
544341
594468
392717
689922
596518
654229
569754
70545
500018
718573
438549
381034
652216
825460
739334
932366
1101549
1098681
1331529
1503590
1102566
1256304
1161984
804773
787214
841956
550528
730166
741849
625022
651084
659621
825874
580988
650634
198605
1367321
661270
1253373
947825
999233
991365
730564
611093
411589
400140
226680
707700
5392
59374
1221790
1262960
804949
1141562
475178
1475610
1164128
762018
1299652
759554
1098786
964102
913944
674000
721197
265081
980669
629965
971009
933749
1202830
994349
866816
826669
877513
717697
691144
726502
508196
540997
242640
837108
666810
606600
855980
923665
680566
1652769
676912
578741
410241
318577
263758
864966
468041
832329
895305
681405
664564
657858
618697
654229
724774
540098
485297
595600
681172
572666
36845
803442
877764
1002661
861821
869261
1167512
835814
422373
438998
399457
400356
768360
1034849
935964
637566
363294
482800
612796
306324
990097
632212
359466
10000
1546605
861372
699908
541150
474046
444624
630181
534301
455130
858226
710845
835310
718484
659172
680740
623674
679841
584582
488874
321273
255221
432258
264026
158346
78633
540997
148280
21568
10000
10000
10000
10000
10000
302401
624124
258366
10000
884737
368453
335652
211186
294313
435188
351145
155469
664564
380153
405730
328912
1030910
1112409
1110302
1178601
1140857
1213649
1274309
1366872
1462617
1802688
2061870
2450794
1860229
1651361
1544454
869738
2211416
1852585
1663262
1553725
949589
2390016
1674285
1662412
1470490
958417
2325541
1822944
1659156
1624664
397533
1130496
2557269
2263300
1773896
1183744
2106709
1705152
1665082
1679548
1239573
2113536
1622065
1652189
1617400
1058305
2347373
1552896
1022682
1692440
749568
1091584
2295644
1177072
1386789
1480553
1088110
2143054
1602978
1262368
1018984
832528
1217244
1048294
927873
1058165
931033
1209890
1265538
1165953
1153721
674358
894894
1116593
975053
850588
846578
1026692
1008425
878774
670405
1025828
991216
1138174
911697
923657
1044573
1062738
998418
708149
569305
777201
741994
404849
1055237
1004112
1326985
1055992
853585
596776
539285
305996
295212
377224
274309
503702
944049
762518
635357
943220
979261
1074572
926897
993104
679392
684136
544341
594468
392717
689922
596518
654229
569754
70545
500018
718573
438549
381034
652216
825460
739334
932366
1101549
1098681
1331529
1503590
1102566
1256304
1161984
804773
787214
841956
550528
730166
741849
625022
651084
659621
825874
580988
650634
198605
1367321
661270
1253373
947825
999233
991365
730564
611093
411589
400140
226680
707700
5392
59374
1221790
1262960
804949
1141562
475178
1475610
1164128
762018
1299652
759554
1098786
964102
913944
674000
721197
265081
980669
629965
971009
933749
1202830
994349
866816
826669
877513
717697
691144
726502
508196
540997
242640
837108
666810
606600
855980
923665
680566
1652769
676912
578741
410241
318577
263758
864966
468041
832329
895305
681405
664564
657858
618697
654229
724774
540098
485297
595600
681172
572666
36845
803442
877764
1002661
861821
869261
1167512
835814
422373
438998
399457
400356
768360
1034849
935964
637566
363294
482800
612796
306324
990097
632212
359466
10000
1546605
861372
699908
541150
474046
444624
630181
534301
455130
858226
710845
835310
718484
659172
680740
623674
679841
584582
488874
321273
255221
432258
264026
158346
78633
540997
148280
21568
10000
10000
10000
10000
10000
302401
624124
258366
10000
884737
368453
335652
211186
294313
435188
351145
155469
664564
380153
405730
328912
1030910
1112409
1110302
1178601
1140857
1213649
1274309
1366872
1462617
1802688
2061870
2450794
1860229
1651361
1544454
869738
2211416
1852585
1663262
1553725
949589
2390016
1674285
1662412
1470490
958417
2325541
1822944
1659156
1624664
397533
1130496
2557269
2263300
1773896
1183744
2106709
1705152
1665082
1679548
1239573
2113536
1622065
1652189
1617400
1058305
2347373
1552896
1022682
1692440
749568
1091584
2295644
1177072
1386789
1480553
1088110
2143054
1602978
1262368
1018984
832528
1217244
1048294
927873
1058165
931033
1209890
1265538
1165953
1153721
674358
894894
1116593
975053
850588
846578
1026692
1008425
878774
670405
1025828
991216
1138174
911697
923657
1044573
1062738
998418
708149
569305
777201
741994
404849
1055237
1004112
1326985
1055992
853585
596776
539285
305996
295212
377224
274309
503702
944049
762518
635357
943220
979261
1074572
926897
993104
679392
684136
544341
594468
392717
689922
596518
654229
569754
70545
500018
718573
438549
381034
652216
825460
739334
932366
1101549
1098681
1331529
1503590
1102566
1256304
1161984
804773
787214
841956
550528
730166
741849
625022
651084
659621
825874
580988
650634
198605
1367321
661270
1253373
947825
999233
991365
730564
611093
411589
400140
226680
707700
5392
59374
1221790
1262960
804949
1141562
475178
1475610
1164128
762018
1299652
759554
1098786
964102
913944
674000
721197
265081
980669
629965
971009
933749
1202830
994349
866816
826669
877513
717697
691144
726502
508196
540997
242640
837108
666810
606600
855980
923665
680566
1652769
676912
578741
410241
318577
263758
864966
468041
832329
895305
681405
664564
657858
618697
654229
724774
540098
485297
595600
681172
572666
36845
803442
877764
1002661
861821
869261
1167512
835814
422373
438998
399457
400356
768360
1034849
935964
637566
363294
482800
612796
306324
990097
632212
359466
10000
1546605
861372
699908
541150
474046
444624
630181
534301
455130
858226
710845
835310
718484
659172
680740
623674
679841
584582
488874
321273
255221
432258
264026
158346
78633
540997
148280
21568
10000
10000
10000
10000
10000
302401
624124
258366
10000
884737
368453
335652
211186
294313
435188
351145
155469
664564
380153
405730
328912
1030910
1112409
1110302
1178601
1140857
1213649
1274309
1366872
1462617
1802688
2061870
2450794
1860229
1651361
1544454
869738
2211416
1852585
1663262
1553725
949589
2390016
1674285
1662412
1470490
958417
2325541
1822944
1659156
1624664
397533
1130496
2557269
2263300
1773896
1183744
2106709
1705152
1665082
1679548
1239573
2113536
1622065
1652189
1617400
1058305
2347373
1552896
1022682
1692440
749568
1091584
2295644
1177072
1386789
1480553
1088110
2143054
1602978
1262368
1018984
832528
1217244
1048294
927873
1058165
931033
1209890
1265538
1165953
1153721
674358
894894
1116593
975053
850588
846578
1026692
1008425
878774
670405
1025828
991216
1138174
911697
923657
1044573
1062738
998418
708149
569305
777201
741994
404849
1055237
1004112
1326985
1055992
853585
596776
539285
305996
295212
377224
274309
503702
944049
762518
635357
943220
979261
1074572
926897
993104
679392
684136
544341
594468
392717
689922
596518
654229
569754
70545
500018
718573
438549
381034
652216
825460
739334
932366
1101549
1098681
1331529
1503590
1102566
1256304
1161984
804773
787214
841956
550528
730166
741849
625022
651084
659621
825874
580988
650634
198605
1367321
661270
1253373
947825
999233
991365
730564
611093
411589
400140
226680
707700
5392
59374
1221790
1262960
804949
1141562
475178
1475610
1164128
762018
1299652
759554
1098786
964102
913944
674000
721197
265081
980669
629965
971009
933749
1202830
994349
866816
826669
877513
717697
691144
726502
508196
540997
242640
837108
666810
606600
855980
923665
680566
1652769
676912
578741
410241
318577
263758
864966
468041
832329
895305
681405
