363277
1362504
2179754
2983642
1650142
1669368
1715286
1669022
1692528
1661754
1667190
1687738
1695137
1657944
1669800
1696277
1612969
1355776
2066846
1685337
1592341
1128448
1535317
2144256
1989608
1264482
1269429
967000
970393
1938390
1672866
1659808
1435701
1935938
1684218
1675780
1680506
1381717
1825450
1834585
1681224
1638340
1373525
1907370
1797920
1679484
1686184
1488213
1736021
1812506
1676696
1681172
1592616
1714858
1421446
1998946
1648393
918078
473088
1346901
2603008
2643968
1136176
1389909
1835016
1859350
1664073
1570556
1721685
1760320
1652742
1707658
1377788
1604969
2045082
1690712
1679374
1377925
1744896
1878689
1681206
1621640
1334705
1686869
2094098
1681708
1664229
1400748
1190570
2336085
1807477
1636172
1524576
1381717
2148021
1698774
1614582
1644362
1162977
2278742
1688966
1679709
1616577
1439061
1992606
1655533
1680740
1568989
1377621
2072534
1702700
1676676
1418298
1314133
2273065
1744754
1509093
1077930
1361758
2471253
1962310
1687342
1530710
1362602
1960618
1854994
1672920
1470313
1424309
1460120
1553290
1468697
1196908
1350673
1522662
1440717
1239642
1282290
1232290
1202345
1487148
1272994
1103890
1895449
2320293
2285568
2449176
1448833
256682
1434282
1984512
2479445
2281472
1374890
1958570
1790816
1737272
1612982
1199894
1713246
973592
905218
844210
671380
692172
528865
608846
568406
481685
577393
512689
535156
864517
872156
774650
698713
535156
423721
425069
428214
396761
309141
191865
26960
10000
10000
10000
1643786
1985877
2511530
1898277
1653609
1705606
1379216
1458176
2201881
1680057
913944
1195764
1858218
2454869
1960330
1692041
1319022
1465002
2254349
1378576
1976844
1309398
1475242
2255498
1679158
1679608
1486800
1493674
2058798
1679608
1671436
1455038
1434282
2137904
1620516
1650449
1471662
1624746
2045252
1666456
1606577
1214990
1566037
1716441
1508158
1309221
1181064
1293630
1787897
1397324
1426088
1343638
1337697
1580340
1532409
1530248
1339033
1553144
1528812
1392545
1352440
1298602
1336661
1693856
1496366
893205
1200046
1455445
1789062
1511316
1513345
1381484
1249296
1034312
1009322
700709
597864
1662976
1162216
1051206
877098
150816
1202790
621438
1345078
1444658
1398905
1134012
1461154
1322177
1488402
1273860
1206813
1868994
1343385
1571782
1453612
1461962
1571686
1386210
1477524
1425954
1346181
1792682
1149289
1365724
1500702
781373
709973
1826816
2424832
1486921
1380498
1346218
2038364
1630060
1458233
1203733
1369429
1681721
1185376
1437270
1423093
1024686
1197772
2104549
1488617
1351844
1288874
1677517
1590806
1552661
1509485
1272490
1755653
930153
1488192
1366926
1359989
1689638
1839488
1524613
788130
1153024
2379093
1546317
1511790
1362741
971833
1066809
1243332
1426140
1430690
1408158
1480877
1380744
1186202
1201665
1199650
1209648
1266372
1246005
1099717
1034390
1193853
1012348
1087672
986900
888116
1110277
612822
1275252
2350062
1508396
1794048
1891157
1684405
1687782
1416572
1201493
2400264
1652868
1697460
1401854
1434965
1991044
1673193
1560885
1518705
1414532
1307862
1342625
1309096
1323081
1741313
1503020
1420342
1082640
1925120
1156437
1953692
1388856
642796
802133
1451349
2209109
2179072
2478080
1987242
1436330
1606997
2292394
1886776
1669734
1227434
1966080
1883458
1741074
1469686
936618
2176498
1254078
1504368
1277432
1514725
1754646
1558737
1451322
1531045
1394373
1660501
427409
1191538
2171628
1194433
1472941
1534894
1317672
1457290
1361920
1581104
1333922
1104392
1750529
1291605
2196086
1671808
1661810
1673882
1307989
2081102
1666898
1659365
1624217
1385130
454656
1788586
2405034
2445210
1036288
1943914
1055034
1770192
1689729
1020322
1983648
1621861
2088856
1605669
1243818
1943552
1908073
1701973
1683193
1436097
1757184
1855670
1663906
1682477
1245184
1606561
824708
565710
730849
363277
1362504
2179754
2983642
1650142
1669368
1715286
1669022
1692528
1661754
1667190
1687738
1695137
1657944
1669800
1696277
1612969
1355776
2066846
1685337
1592341
1128448
1535317
2144256
1989608
1264482
1269429
967000
970393
1938390
1672866
1659808
1435701
1935938
1684218
1675780
1680506
1381717
1825450
1834585
1681224
1638340
1373525
1907370
1797920
1679484
1686184
1488213
1736021
1812506
1676696
1681172
1592616
1714858
1421446
1998946
1648393
918078
473088
1346901
2603008
2643968
1136176
1389909
1835016
1859350
1664073
1570556
1721685
1760320
1652742
1707658
1377788
1604969
2045082
1690712
1679374
1377925
1744896
1878689
1681206
1621640
1334705
1686869
2094098
1681708
1664229
1400748
1190570
2336085
1807477
1636172
1524576
1381717
2148021
1698774
1614582
1644362
1162977
2278742
1688966
1679709
1616577
1439061
1992606
1655533
1680740
1568989
1377621
2072534
1702700
1676676
1418298
1314133
2273065
1744754
1509093
1077930
1361758
2471253
1962310
1687342
1530710
1362602
1960618
1854994
1672920
1470313
1424309
1460120
1553290
1468697
1196908
1350673
1522662
1440717
1239642
1282290
1232290
1202345
1487148
1272994
1103890
1895449
2320293
2285568
2449176
1448833
256682
1434282
1984512
2479445
2281472
1374890
1958570
1790816
1737272
1612982
1199894
1713246
973592
905218
844210
671380
692172
528865
608846
568406
481685
577393
512689
535156
864517
872156
774650
698713
535156
423721
425069
428214
396761
309141
191865
26960
10000
10000
10000
1643786
1985877
2511530
1898277
1653609
1705606
1379216
1458176
2201881
1680057
913944
1195764
1858218
2454869
1960330
1692041
1319022
1465002
2254349
1378576
1976844
1309398
1475242
2255498
1679158
1679608
1486800
1493674
2058798
1679608
1671436
1455038
1434282
2137904
1620516
1650449
1471662
1624746
2045252
1666456
1606577
1214990
1566037
1716441
1508158
1309221
1181064
1293630
1787897
1397324
1426088
1343638
1337697
1580340
1532409
1530248
1339033
1553144
1528812
1392545
1352440
1298602
1336661
1693856
1496366
893205
1200046
1455445
1789062
1511316
1513345
1381484
1249296
1034312
1009322
700709
597864
1662976
1162216
1051206
877098
150816
1202790
621438
1345078
1444658
1398905
1134012
1461154
1322177
1488402
1273860
1206813
1868994
1343385
1571782
1453612
1461962
1571686
1386210
1477524
1425954
1346181
1792682
1149289
1365724
1500702
781373
709973
1826816
2424832
1486921
1380498
1346218
2038364
1630060
1458233
1203733
1369429
1681721
1185376
1437270
1423093
1024686
1197772
2104549
1488617
1351844
1288874
1677517
1590806
1552661
1509485
1272490
1755653
930153
1488192
1366926
1359989
1689638
1839488
1524613
788130
1153024
2379093
1546317
1511790
1362741
971833
1066809
1243332
1426140
1430690
1408158
1480877
1380744
1186202
1201665
1199650
1209648
1266372
1246005
1099717
1034390
1193853
1012348
1087672
986900
888116
1110277
612822
1275252
2350062
1508396
1794048
1891157
1684405
1687782
1416572
1201493
2400264
1652868
1697460
1401854
1434965
1991044
1673193
1560885
1518705
1414532
1307862
1342625
1309096
1323081
1741313
1503020
1420342
1082640
1925120
1156437
1953692
1388856
642796
802133
1451349
2209109
2179072
2478080
1987242
1436330
1606997
2292394
1886776
1669734
1227434
1966080
1883458
1741074
1469686
936618
2176498
1254078
1504368
1277432
1514725
1754646
1558737
1451322
1531045
1394373
1660501
427409
1191538
2171628
1194433
1472941
1534894
1317672
1457290
1361920
1581104
1333922
1104392
1750529
1291605
2196086
1671808
1661810
1673882
1307989
2081102
1666898
1659365
1624217
1385130
454656
1788586
2405034
2445210
1036288
1943914
1055034
1770192
1689729
1020322
1983648
1621861
2088856
1605669
1243818
1943552
1908073
1701973
1683193
1436097
1757184
1855670
1663906
1682477
1245184
1606561
824708
565710
730849
363277
1362504
2179754
2983642
1650142
1669368
1715286
1669022
1692528
1661754
1667190
1687738
1695137
1657944
1669800
1696277
1612969
1355776
2066846
1685337
1592341
1128448
1535317
2144256
1989608
1264482
1269429
967000
970393
1938390
1672866
1659808
1435701
1935938
1684218
1675780
1680506
1381717
1825450
1834585
1681224
1638340
1373525
1907370
1797920
1679484
1686184
1488213
1736021
1812506
1676696
1681172
1592616
1714858
1421446
1998946
1648393
918078
473088
1346901
2603008
2643968
1136176
1389909
1835016
1859350
1664073
1570556
1721685
1760320
1652742
1707658
1377788
1604969
2045082
1690712
1679374
1377925
1744896
1878689
1681206
1621640
1334705
1686869
2094098
1681708
1664229
1400748
1190570
2336085
1807477
1636172
1524576
1381717
2148021
1698774
1614582
1644362
1162977
2278742
1688966
1679709
1616577
1439061
1992606
1655533
1680740
1568989
1377621
2072534
1702700
1676676
1418298
1314133
2273065
1744754
1509093
1077930
1361758
2471253
1962310
1687342
1530710
1362602
1960618
1854994
1672920
1470313
1424309
1460120
1553290
1468697
1196908
1350673
1522662
1440717
1239642
1282290
1232290
1202345
1487148
1272994
1103890
1895449
2320293
2285568
2449176
1448833
256682
1434282
1984512
2479445
2281472
1374890
1958570
1790816
1737272
1612982
1199894
1713246
973592
905218
844210
