177486
10000
153222
1989881
2596188
2302876
2401946
2618662
2595357
2435836
2509976
2608380
1983357
2845178
2649788
2607982
2672962
2194950
2260025
2416480
2489488
1938424
2861856
2532157
2549517
2467808
2349045
2279018
2368436
2310921
2485712
2495597
2501222
2226878
2918670
2551177
2488960
2482117
2481409
2452461
2375625
2140494
2100338
2467738
2395569
2269858
2344700
2442946
2351810
2216561
2355458
2324853
2555752
2600292
1693336
1174186
2334720
2717696
2650112
1862314
1302528
345429
2241877
2776405
1838421
1286144
2540885
2722474
2785962
1969493
1458176
1964032
2687658
2392613
1154026
1112981
1054213
1015692
1153888
995318
1243709
1150596
418398
1500617
1181409
2217301
2581162
2693120
2735445
1903957
1047210
1914197
2557269
2663765
2026154
1066325
2373632
2615296
2523136
1946965
1265664
2250069
2569557
2790741
1783125
1057450
2136064
2436437
2433024
1839104
1146880
1520981
2277376
2453504
1979733
1405610
2273962
2448042
1497088
2136746
1011029
1259520
2288981
2004534
1124926
1135957
1172005
1115014
1045380
1079156
274432
1116829
1708076
1673658
1556789
1381717
2012880
1993050
2377289
2146084
1209685
2003626
2361344
2431658
2287616
1019221
2057557
2480810
2529280
2433024
1410389
1374890
2535424
2833066
2564096
1235626
1652736
2529962
2727936
2469888
1197397
1761962
2568874
2591402
2457600
998058
1859584
2454869
2785280
2438485
1432234
1337344
2415274
2237030
2424492
1469098
1260202
2500608
2443264
2486272
1635669
1372160
2058240
2381824
2394794
1456128
1495722
2340864
2353834
2453504
1557845
1241770
2096469
2477397
2401621
1249280
1537365
2371584
2509482
2448042
1567402
1360554
2523136
2499242
2479445
1623381
1261568
2426880
2536789
2457600
1561941
278528
1129130
2336085
2422784
1719637
1298432
2390698
2374997
2555221
1098873
1258154
1700833
1482774
1959836
1665152
1637717
2534741
1630084
1442610
1684596
1185792
2150400
2482858
2361344
1774250
1213781
2374314
2506069
2533376
2042538
1309354
1753088
2401621
2588672
2099200
823978
2161322
2394112
2224818
1468052
1013760
2111838
1817489
972114
1517329
1239722
2439850
2356565
1784301
1359806
884736
2404352
1417770
757126
821097
1451349
1318642
1311320
1609364
1451650
1142784
1812592
1568356
1457472
1178008
1207637
843022
1578498
1573565
1359233
1634986
2225461
1579397
1503262
1812542
904533
2083498
2570922
2475349
2157226
1191936
1702570
2454186
2323797
2288298
1091584
1578325
2547029
2474666
2524501
1392640
1216512
2385237
2730666
3026261
2212522
1421994
2190677
2363392
2419370
1283413
1326421
2446677
2476714
2501290
1397418
1253376
2572970
2427562
2608469
1348266
1430869
2336085
2435754
2532010
1518250
553642
1374208
2497194
2484906
1583786
1455445
2635093
2590720
2654208
1508693
1079978
2553173
2566826
2706090
1768789
1206954
2226858
2553173
1717013
1050296
1082026
1598596
876761
1278872
1474537
1716224
2721109
1756108
1291658
732232
726753
1294529
1464161
1312502
1241714
1603948
1551850
177486
10000
153222
1989881
2596188
2302876
2401946
2618662
2595357
2435836
2509976
2608380
1983357
2845178
2649788
2607982
2672962
2194950
2260025
2416480
2489488
1938424
2861856
2532157
2549517
2467808
2349045
2279018
2368436
2310921
2485712
2495597
2501222
2226878
2918670
2551177
2488960
2482117
2481409
2452461
2375625
2140494
2100338
2467738
2395569
2269858
2344700
2442946
2351810
2216561
2355458
2324853
2555752
2600292
1693336
1174186
2334720
2717696
2650112
1862314
1302528
345429
2241877
2776405
1838421
1286144
2540885
2722474
2785962
1969493
1458176
1964032
2687658
2392613
1154026
1112981
1054213
1015692
1153888
995318
1243709
1150596
418398
1500617
1181409
2217301
2581162
2693120
2735445
1903957
1047210
1914197
2557269
2663765
2026154
1066325
2373632
2615296
2523136
1946965
1265664
2250069
2569557
2790741
1783125
1057450
2136064
2436437
2433024
1839104
1146880
1520981
2277376
2453504
1979733
1405610
2273962
2448042
1497088
2136746
1011029
1259520
2288981
2004534
1124926
1135957
1172005
1115014
1045380
1079156
274432
1116829
1708076
1673658
1556789
1381717
2012880
1993050
2377289
2146084
1209685
2003626
2361344
2431658
2287616
1019221
2057557
2480810
2529280
2433024
1410389
1374890
2535424
2833066
2564096
1235626
1652736
2529962
2727936
2469888
1197397
1761962
2568874
2591402
2457600
998058
1859584
2454869
2785280
2438485
1432234
1337344
2415274
2237030
2424492
1469098
1260202
2500608
2443264
2486272
1635669
1372160
2058240
2381824
2394794
1456128
1495722
2340864
2353834
2453504
1557845
1241770
2096469
2477397
2401621
1249280
1537365
2371584
2509482
2448042
1567402
1360554
2523136
2499242
2479445
1623381
1261568
2426880
2536789
2457600
1561941
278528
1129130
2336085
2422784
1719637
1298432
2390698
2374997
2555221
1098873
1258154
1700833
1482774
1959836
1665152
1637717
2534741
1630084
1442610
1684596
1185792
2150400
2482858
2361344
1774250
1213781
2374314
2506069
2533376
2042538
1309354
1753088
2401621
2588672
2099200
823978
2161322
2394112
2224818
1468052
1013760
2111838
1817489
972114
1517329
1239722
2439850
2356565
1784301
1359806
884736
2404352
1417770
757126
821097
1451349
1318642
1311320
1609364
1451650
1142784
1812592
1568356
1457472
1178008
1207637
843022
1578498
1573565
1359233
1634986
2225461
1579397
1503262
1812542
904533
2083498
2570922
2475349
2157226
1191936
1702570
2454186
2323797
2288298
1091584
1578325
2547029
2474666
2524501
1392640
1216512
2385237
2730666
3026261
2212522
1421994
2190677
2363392
2419370
1283413
1326421
2446677
2476714
2501290
1397418
1253376
2572970
2427562
2608469
1348266
1430869
2336085
2435754
2532010
1518250
553642
1374208
2497194
2484906
1583786
1455445
2635093
2590720
2654208
1508693
1079978
2553173
2566826
2706090
1768789
1206954
2226858
2553173
1717013
1050296
1082026
1598596
876761
1278872
1474537
1716224
2721109
1756108
1291658
732232
726753
1294529
1464161
1312502
1241714
1603948
1551850
177486
10000
153222
1989881
2596188
2302876
2401946
2618662
2595357
2435836
2509976
2608380
1983357
2845178
2649788
2607982
2672962
2194950
2260025
2416480
2489488
1938424
2861856
2532157
2549517
2467808
2349045
2279018
2368436
2310921
2485712
2495597
2501222
2226878
2918670
2551177
2488960
2482117
2481409
2452461
2375625
2140494
2100338
2467738
2395569
2269858
2344700
2442946
2351810
2216561
2355458
2324853
2555752
2600292
1693336
1174186
2334720
2717696
2650112
1862314
1302528
345429
2241877
2776405
1838421
1286144
2540885
2722474
2785962
1969493
1458176
1964032
2687658
2392613
1154026
1112981
1054213
1015692
1153888
995318
1243709
1150596
418398
1500617
1181409
2217301
2581162
2693120
2735445
1903957
1047210
1914197
2557269
2663765
2026154
1066325
2373632
2615296
2523136
1946965
1265664
2250069
2569557
2790741
1783125
1057450
2136064
2436437
2433024
1839104
1146880
1520981
2277376
2453504
1979733
1405610
2273962
2448042
1497088
2136746
1011029
1259520
2288981
2004534
1124926
1135957
1172005
1115014
1045380
1079156
274432
1116829
1708076
1673658
1556789
1381717
2012880
1993050
2377289
2146084
1209685
2003626
2361344
2431658
2287616
1019221
2057557
2480810
2529280
2433024
1410389
1374890
2535424
2833066
2564096
1235626
1652736
2529962
2727936
2469888
1197397
1761962
2568874
2591402
2457600
998058
1859584
2454869
2785280
2438485
1432234
1337344
2415274
2237030
2424492
1469098
1260202
2500608
2443264
2486272
1635669
1372160
2058240
2381824
2394794
1456128
1495722
2340864
2353834
2453504
1557845
1241770
2096469
2477397
2401621
1249280
1537365
2371584
2509482
2448042
1567402
1360554
2523136
2499242
2479445
1623381
1261568
2426880
2536789
2457600
1561941
278528
1129130
2336085
2422784
1719637
1298432
2390698
2374997
2555221
1098873
1258154
1700833
1482774
1959836
1665152
1637717
2534741
1630084
1442610
1684596
1185792
2150400
2482858
2361344
1774250
1213781
2374314
2506069
2533376
2042538
1309354
1753088
2401621
2588672
2099200
823978
2161322
2394112
2224818
1468052
1013760
2111838
1817489
972114
1517329
1239722
2439850
2356565
1784301
1359806
884736
2404352
1417770
757126
821097
1451349
1318642
1311320
1609364
1451650
1142784
1812592
1568356
1457472
1178008
1207637
843022
1578498
1573565
1359233
1634986
2225461
1579397
1503262
1812542
904533
2083498
2570922
2475349
2157226
1191936
1702570
2454186
2323797
2288298
1091584
1578325
2547029
2474666
2524501
1392640
1216512
2385237
2730666
3026261
2212522
1421994
2190677
2363392
2419370
1283413
1326421
2446677
2476714
2501290
1397418
1253376
2572970
2427562
2608469
1348266
1430869
2336085
2435754
2532010
1518250
553642
1374208
2497194
2484906
1583786
1455445
2635093
2590720
2654208
1508693
1079978
2553173
2566826
2706090
1768789
1206954
2226858
2553173
1717013
1050296
1082026
1598596
876761
1278872
1474537
1716224
2721109
1756108
1291658
732232
726753
1294529
1464161
1312502
1241714
1603948
1551850
177486
10000
153222
1989881
2596188
2302876
2401946
2618662
2595357
2435836
2509976
2608380
1983357
