834861
908320
908552
1152090
1094126
854182
815626
880546
1129781
1435989
1824104
1866260
1702137
1117202
1583221
1164222
1037778
1265161
1174521
979065
961085
780492
712642
895521
848341
6290
10000
1573693
1281474
1012693
841152
1037969
962462
860798
1037038
990745
909182
755562
627252
223768
269600
577842
552680
471800
678044
580988
572001
755329
772154
914642
983590
971346
1031168
1029144
1148938
903609
919388
781338
472434
903424
542794
803402
2329390
1682090
951637
1395370
1966080
2405717
2099882
574805
1342122
2179754
2428245
2439850
1628842
1608362
2278741
2310144
2584576
1543509
1342805
2372266
2367488
2375680
1502549
1230165
2360661
2363392
1684777
1167496
1597256
1783221
1626430
1595910
1264373
1685500
1911449
2233566
2206378
1728512
1367381
1957888
2469205
2378410
1841834
1217194
2143573
2314922
2323797
1906005
1441792
2164736
2292394
2431658
1745578
1352362
2080085
2142890
2341546
2005674
1138688
1817258
2359296
2246656
1404928
922965
1656149
1965326
1950297
1591978
910677
1467733
2427562
2396160
2138112
1582421
1392640
2161322
2512213
1772885
305834
1152341
2228224
2311509
2086229
1585152
1788586
2387968
2326528
1962666
1288874
1744896
2333354
2352469
2008405
1486165
1569450
2131285
2377045
1953792
1370794
1750357
2305365
2360661
2166101
834861
908320
908552
1152090
1094126
854182
815626
880546
1129781
1435989
1824104
1866260
1702137
1117202
1583221
1164222
1037778
1265161
1174521
979065
961085
780492
712642
895521
848341
6290
10000
1573693
1281474
1012693
841152
1037969
962462
860798
1037038
990745
909182
755562
627252
223768
269600
577842
552680
471800
678044
580988
572001
755329
772154
914642
983590
971346
1031168
1029144
1148938
903609
919388
781338
472434
903424
542794
803402
2329390
1682090
951637
1395370
1966080
2405717
2099882
574805
1342122
2179754
2428245
2439850
1628842
1608362
2278741
2310144
2584576
1543509
1342805
2372266
2367488
2375680
1502549
1230165
2360661
2363392
1684777
1167496
1597256
1783221
1626430
1595910
1264373
1685500
1911449
2233566
2206378
1728512
1367381
1957888
2469205
2378410
1841834
1217194
2143573
2314922
2323797
1906005
1441792
2164736
2292394
2431658
1745578
1352362
2080085
2142890
2341546
2005674
1138688
1817258
2359296
2246656
1404928
922965
1656149
1965326
1950297
1591978
910677
1467733
2427562
2396160
2138112
1582421
1392640
2161322
2512213
1772885
305834
1152341
2228224
2311509
2086229
1585152
1788586
2387968
2326528
1962666
1288874
1744896
2333354
2352469
2008405
1486165
1569450
2131285
2377045
1953792
1370794
1750357
2305365
2360661
2166101
834861
908320
908552
1152090
1094126
854182
815626
880546
1129781
1435989
1824104
1866260
1702137
1117202
1583221
1164222
1037778
1265161
1174521
979065
961085
780492
712642
895521
848341
6290
10000
1573693
1281474
1012693
841152
1037969
962462
860798
1037038
990745
909182
755562
627252
223768
269600
577842
552680
471800
678044
580988
572001
755329
772154
914642
983590
971346
1031168
1029144
1148938
903609
919388
781338
472434
903424
542794
803402
2329390
1682090
951637
1395370
1966080
2405717
2099882
574805
1342122
2179754
2428245
2439850
1628842
1608362
2278741
2310144
2584576
1543509
1342805
2372266
2367488
2375680
1502549
1230165
2360661
2363392
1684777
1167496
1597256
1783221
1626430
1595910
1264373
1685500
1911449
2233566
2206378
1728512
1367381
1957888
2469205
2378410
1841834
1217194
2143573
2314922
2323797
1906005
1441792
2164736
2292394
2431658
1745578
1352362
2080085
2142890
2341546
2005674
1138688
1817258
2359296
2246656
1404928
922965
1656149
1965326
1950297
1591978
910677
1467733
2427562
2396160
2138112
1582421
1392640
2161322
2512213
1772885
305834
1152341
2228224
2311509
2086229
1585152
1788586
2387968
2326528
1962666
1288874
1744896
2333354
2352469
2008405
1486165
1569450
2131285
2377045
1953792
1370794
1750357
2305365
2360661
2166101
834861
908320
908552
1152090
1094126
854182
815626
880546
1129781
1435989
1824104
1866260
1702137
1117202
1583221
1164222
1037778
1265161
1174521
979065
961085
780492
712642
895521
848341
6290
10000
1573693
1281474
1012693
841152
1037969
962462
860798
1037038
990745
909182
755562
627252
223768
269600
577842
552680
471800
678044
580988
572001
755329
772154
914642
983590
971346
1031168
1029144
1148938
903609
919388
781338
472434
903424
542794
803402
2329390
1682090
951637
1395370
1966080
2405717
2099882
574805
1342122
2179754
2428245
2439850
1628842
1608362
2278741
2310144
2584576
1543509
1342805
2372266
2367488
2375680
1502549
1230165
2360661
2363392
1684777
1167496
1597256
1783221
1626430
1595910
1264373
1685500
1911449
2233566
2206378
1728512
1367381
1957888
2469205
2378410
1841834
1217194
2143573
2314922
2323797
1906005
1441792
2164736
2292394
2431658
1745578
1352362
2080085
2142890
2341546
2005674
1138688
1817258
2359296
2246656
1404928
922965
1656149
1965326
1950297
1591978
910677
1467733
2427562
2396160
2138112
1582421
1392640
2161322
2512213
1772885
305834
1152341
2228224
2311509
2086229
1585152
1788586
2387968
2326528
1962666
1288874
1744896
2333354
2352469
2008405
1486165
1569450
2131285
2377045
1953792
1370794
1750357
2305365
2360661
2166101
834861
908320
908552
1152090
1094126
854182
815626
880546
1129781
1435989
1824104
1866260
1702137
1117202
1583221
1164222
1037778
1265161
1174521
979065
961085
780492
712642
895521
848341
6290
10000
1573693
1281474
1012693
841152
1037969
962462
860798
1037038
990745
909182
755562
627252
223768
269600
577842
552680
471800
678044
580988
572001
755329
772154
914642
983590
971346
1031168
1029144
1148938
903609
919388
781338
472434
903424
542794
803402
2329390
1682090
951637
1395370
1966080
2405717
2099882
574805
1342122
2179754
2428245
2439850
1628842
1608362
2278741
2310144
2584576
1543509
1342805
2372266
2367488
2375680
1502549
1230165
2360661
2363392
1684777
1167496
1597256
1783221
1626430
1595910
1264373
1685500
1911449
2233566
2206378
1728512
1367381
1957888
2469205
2378410
1841834
1217194
2143573
2314922
2323797
1906005
1441792
2164736
2292394
2431658
1745578
1352362
2080085
2142890
2341546
2005674
1138688
1817258
2359296
2246656
1404928
922965
1656149
1965326
1950297
1591978
910677
1467733
2427562
2396160
2138112
1582421
1392640
2161322
2512213
1772885
305834
1152341
2228224
2311509
2086229
1585152
1788586
2387968
2326528
1962666
1288874
1744896
2333354
2352469
2008405
1486165
1569450
2131285
2377045
1953792
1370794
1750357
2305365
2360661
2166101
834861
908320
908552
1152090
1094126
854182
815626
880546
1129781
1435989
1824104
1866260
1702137
1117202
1583221
1164222
1037778
1265161
1174521
979065
961085
780492
712642
895521
848341
6290
10000
1573693
1281474
1012693
841152
1037969
962462
860798
1037038
990745
909182
755562
627252
223768
269600
577842
552680
471800
678044
580988
572001
755329
772154
914642
983590
971346
1031168
1029144
1148938
903609
919388
781338
472434
903424
542794
803402
2329390
1682090
951637
1395370
1966080
2405717
2099882
574805
1342122
2179754
2428245
2439850
1628842
1608362
2278741
2310144
2584576
1543509
1342805
2372266
2367488
2375680
1502549
1230165
2360661
2363392
1684777
1167496
1597256
1783221
1626430
1595910
1264373
1685500
1911449
2233566
2206378
1728512
1367381
1957888
2469205
2378410
1841834
1217194
2143573
2314922
2323797
1906005
1441792
2164736
2292394
2431658
1745578
1352362
2080085
2142890
2341546
2005674
1138688
1817258
2359296
2246656
1404928
922965
1656149
1965326
1950297
1591978
910677
1467733
2427562
2396160
2138112
1582421
1392640
2161322
2512213
1772885
305834
1152341
2228224
2311509
2086229
1585152
1788586
2387968
2326528
1962666
1288874
1744896
2333354
2352469
2008405
1486165
1569450
2131285
2377045
1953792
1370794
1750357
2305365
2360661
2166101
834861
908320
908552
1152090
1094126
854182
815626
880546
1129781
1435989
1824104
1866260
1702137
1117202
1583221
1164222
1037778
1265161
1174521
979065
961085
780492
712642
895521
848341
6290
10000
1573693
1281474
1012693
841152
1037969
962462
860798
1037038
990745
909182
755562
627252
223768
269600
577842
552680
471800
678044
580988
572001
755329
772154
914642
983590
971346
1031168
1029144
1148938
903609
919388
781338
472434
903424
542794
803402
2329390
1682090
951637
1395370
1966080
2405717
2099882
574805
1342122
2179754
2428245
2439850
1628842
1608362
2278741
2310144
2584576
1543509
1342805
2372266
2367488
2375680
1502549
1230165
2360661
2363392
1684777
1167496
1597256
1783221
1626430
1595910
1264373
1685500
1911449
2233566
2206378
1728512
1367381
1957888
2469205
2378410
1841834
1217194
2143573
2314922
2323797
1906005
1441792
2164736
2292394
2431658
1745578
