489056
476742
504601
493368
536953
283529
10000
319066
398968
549984
513460
708277
459253
593301
710396
590908
659137
636489
511626
439897
817796
885108
978476
1124370
1148080
888332
618282
627269
593120
661066
699065
789513
586794
141645
678604
409792
685268
592204
1381538
628130
1261909
1023694
1346028
1075212
991333
1441273
1071848
954689
1395329
1741608
1434004
1557660
958033
1615748
1417209
1436973
534461
1336994
591322
1267512
721686
1064402
1107720
1032013
1099286
984186
976132
951204
1267569
1061829
1614849
843290
1220608
1700444
1590880
965533
937990
1228117
651444
764765
558521
686365
457845
901370
263758
273644
360365
779593
744545
971524
986221
944049
977300
823265
685017
687024
831402
781390
1007882
892348
1104729
958626
1078434
1024428
1117898
1058316
918880
858805
73241
1397876
941397
1373801
938962
1201938
885100
943694
534404
1079298
645242
1073882
1060001
709497
755329
778245
857146
883570
1118408
890345
628353
1230970
828570
938521
581818
843776
1580616
1210469
1021784
994436
1005780
708650
818901
590156
1002229
740501
747241
1017732
924736
970620
884228
1090382
1123698
1078400
996621
902710
135698
900464
10000
156402
619362
673550
749073
740017
787232
668158
604802
630216
716836
678805
806290
934164
901397
452444
540997
175689
10000
1173564
1871897
1960618
1894400
1799548
1471746
1595582
1364301
1077644
1678965
2358613
2238464
1832277
1144832
2138112
2254165
1895437
2071210
1432234
1642496
2555904
1995434
2083498
1093632
1920341
2380458
2303317
2214570
1293653
1585152
2349056
2278058
2142208
1133226
1688917
2318336
2262357
2259626
1355776
1495040
2172928
2368853
2250069
1534634
1436330
2114901
2224128
2175658
1444522
1342122
2334037
2339498
2262357
1426090
524288
1298432
2297856
2298538
1252693
1702570
2308778
2232320
2314240
1142101
1484800
2318336
2372949
2348373
1637717
1394005
1991338
2483541
2344960
1595392
1324373
2092373
2216618
2132650
1317546
1182378
2258261
2243242
2284885
1559210
1273856
2408448
2299221
2292680
1269077
1261568
2226858
2174293
2241877
1627477
1555114
1993386
2241877
2215936
1669802
1201493
2000896
2248021
2289664
1694378
1087488
2109440
2275328
2291712
1634304
1467733
2097152
2272597
2252800
1867776
1394005
1929898
2199552
2437120
1762645
1587200
1974954
2242560
2176341
1874602
1384448
1864362
2046634
2207061
1862997
1353045
2068480
2393429
1843973
1359630
1178282
2340181
1639314
1648164
1619218
1040384
2370313
1770916
1805457
1370404
1221973
2285568
1567508
1637801
969786
400017
612620
485729
689726
759388
996840
903825
682088
1286589
1139064
1138788
1458936
1436845
1688516
1548512
1325738
2286250
1715334
1807668
1711465
1286144
2249386
2119374
1293486
1539822
1181696
1929781
1677920
1655673
1177284
1519616
2012337
1697322
1639773
1463522
1008981
1048576
1994069
2335402
1126228
1414485
1975637
2004012
1694112
1048761
999424
1854805
2183168
1592661
2283520
1557845
1654784
2355200
2221182
1919897
1153706
1606997
2213888
2239146
2225493
1306624
1226752
2328576
2298538
2346325
1321642
1340757
2220032
2286250
1947720
1234944
1532586
2326528
2230954
2235733
1209685
1133226
2206378
2241877
2251434
1493674
1200128
2216618
2292394
2400938
1863680
1297066
1957888
2229589
2534058
1384448
1099093
2383872
2338816
1782752
839937
1267029
1686776
1811262
2383872
1987925
1448618
1628842
2338816
2300586
1979733
1307989
376832
2218666
2274645
1717589
1374890
1967445
2103978
2232320
1997482
1499136
1732608
2229589
2248704
2015232
1493674
1332565
2112170
2250752
2268501
1397418
1411072
2181802
2258944
2207061
1373525
1254741
2233002
2405034
2278741
1467733
1385813
2251434
2379776
2195456
1718954
1067008
2144938
2176341
2248704
1429504
1295018
2182485
2376362
2226858
1799509
1531904
1750357
2310144
2076672
2124458
489056
476742
504601
493368
536953
283529
10000
319066
398968
549984
513460
708277
459253
593301
710396
590908
659137
636489
511626
439897
817796
885108
978476
1124370
1148080
888332
618282
627269
593120
661066
699065
789513
586794
141645
678604
409792
685268
592204
1381538
628130
1261909
1023694
1346028
1075212
991333
1441273
1071848
954689
1395329
1741608
1434004
1557660
958033
1615748
1417209
1436973
534461
1336994
591322
1267512
721686
1064402
1107720
1032013
1099286
984186
976132
951204
1267569
1061829
1614849
843290
1220608
1700444
1590880
965533
937990
1228117
651444
764765
558521
686365
457845
901370
263758
273644
360365
779593
744545
971524
986221
944049
977300
823265
685017
687024
831402
781390
1007882
892348
1104729
958626
1078434
1024428
1117898
1058316
918880
858805
73241
1397876
941397
1373801
938962
1201938
885100
943694
534404
1079298
645242
1073882
1060001
709497
755329
778245
857146
883570
1118408
890345
628353
1230970
828570
938521
581818
843776
1580616
1210469
1021784
994436
1005780
708650
818901
590156
1002229
740501
747241
1017732
924736
970620
884228
1090382
1123698
1078400
996621
902710
135698
900464
10000
156402
619362
673550
749073
740017
787232
668158
604802
630216
716836
678805
806290
934164
901397
452444
540997
175689
10000
1173564
1871897
1960618
1894400
1799548
1471746
1595582
1364301
1077644
1678965
2358613
2238464
1832277
1144832
2138112
2254165
1895437
2071210
1432234
1642496
2555904
1995434
2083498
1093632
1920341
2380458
2303317
2214570
1293653
1585152
2349056
2278058
2142208
1133226
1688917
2318336
2262357
2259626
1355776
1495040
2172928
2368853
2250069
1534634
1436330
2114901
2224128
2175658
1444522
1342122
2334037
2339498
2262357
1426090
524288
1298432
2297856
2298538
1252693
1702570
2308778
2232320
2314240
1142101
1484800
2318336
2372949
2348373
1637717
1394005
1991338
2483541
2344960
1595392
1324373
2092373
2216618
2132650
1317546
1182378
2258261
2243242
2284885
1559210
1273856
2408448
2299221
2292680
1269077
1261568
2226858
2174293
2241877
1627477
1555114
1993386
2241877
2215936
1669802
1201493
2000896
2248021
2289664
1694378
1087488
2109440
2275328
2291712
1634304
1467733
2097152
2272597
2252800
1867776
1394005
1929898
2199552
2437120
1762645
1587200
1974954
2242560
2176341
1874602
1384448
1864362
2046634
2207061
1862997
1353045
2068480
2393429
1843973
1359630
1178282
2340181
1639314
1648164
1619218
1040384
2370313
1770916
1805457
1370404
1221973
2285568
1567508
1637801
969786
400017
612620
485729
689726
759388
996840
903825
682088
1286589
1139064
1138788
1458936
1436845
1688516
1548512
1325738
2286250
1715334
1807668
1711465
1286144
2249386
2119374
1293486
1539822
1181696
1929781
1677920
1655673
1177284
1519616
2012337
1697322
1639773
1463522
1008981
1048576
1994069
2335402
1126228
1414485
1975637
2004012
1694112
1048761
999424
1854805
2183168
1592661
2283520
1557845
1654784
2355200
2221182
1919897
1153706
1606997
2213888
2239146
2225493
1306624
1226752
2328576
2298538
2346325
1321642
1340757
2220032
2286250
1947720
1234944
1532586
2326528
2230954
2235733
1209685
1133226
2206378
2241877
2251434
1493674
1200128
2216618
2292394
2400938
1863680
1297066
1957888
2229589
2534058
1384448
1099093
2383872
2338816
1782752
839937
1267029
1686776
1811262
2383872
1987925
1448618
1628842
2338816
2300586
1979733
1307989
376832
2218666
2274645
1717589
1374890
1967445
2103978
2232320
1997482
1499136
1732608
2229589
2248704
2015232
1493674
1332565
2112170
2250752
2268501
1397418
1411072
2181802
2258944
2207061
1373525
1254741
2233002
2405034
2278741
1467733
1385813
2251434
2379776
2195456
1718954
1067008
2144938
2176341
2248704
1429504
1295018
2182485
2376362
2226858
1799509
1531904
1750357
2310144
2076672
2124458
489056
476742
504601
493368
536953
283529
10000
319066
398968
549984
513460
708277
459253
593301
710396
590908
659137
636489
511626
439897
817796
885108
978476
1124370
1148080
888332
618282
627269
593120
661066
699065
789513
586794
141645
678604
409792
685268
592204
1381538
628130
1261909
1023694
1346028
1075212
991333
1441273
1071848
954689
1395329
1741608
1434004
1557660
958033
1615748
1417209
1436973
534461
1336994
591322
1267512
721686
1064402
1107720
1032013
1099286
984186
976132
951204
1267569
1061829
1614849
843290
1220608
1700444
1590880
965533
937990
1228117
651444
764765
558521
686365
457845
901370
263758
273644
360365
779593
744545
971524
986221
944049
977300
823265
685017
687024
831402
781390
1007882
892348
1104729
958626
1078434
1024428
1117898
1058316
918880
858805
73241
1397876
941397
1373801
938962
1201938
885100
943694
534404
1079298
645242
1073882
1060001
709497
755329
778245
857146
883570
1118408
890345
628353
1230970
828570
938521
581818
843776
1580616
1210469
1021784
994436
1005780
708650
818901
590156
1002229
