1062889
1691992
2023994
1734876
1167213
1401409
851486
673317
759074
764214
1126284
1057081
1280046
1026277
523816
2187910
1269816
1611861
1331721
1034222
1351680
2562730
1540638
995722
945493
1404909
1282474
1070088
1170936
1138317
2032981
1343836
733528
815341
671053
734660
447536
463945
216345
10000
811945
1016392
567508
649286
647722
496280
171645
1261668
1023192
983294
1006802
631313
667709
700960
513372
455390
151874
10000
10000
10000
1130972
181980
36845
10784
286674
10000
10000
28757
931468
167152
264208
353625
291617
325766
253873
262410
239278
198821
197257
222869
219274
252525
313185
288022
13030
1348
10000
453785
663706
243089
244437
262860
242190
262410
278137
183146
367736
428214
333854
415184
267802
129408
10000
3145
10000
10000
24134
499338
354074
30554
10000
268502
174540
10000
84526
461413
307793
175240
172544
249829
200402
124016
158614
92562
10000
10000
410241
190517
328912
233653
165354
230957
142438
55268
10000
61558
27858
10000
10000
503702
16625
390470
221297
406421
249829
140192
36396
392717
161310
92562
22017
251177
139293
413386
487976
305996
141090
471800
374294
234552
339696
181530
215680
327564
286830
306289
193213
270498
335202
377440
323969
276340
21118
881592
608181
493134
327564
128509
913978
647904
544592
534862
639245
765214
796236
795868
816772
598512
404400
351828
331608
312736
463712
480786
428664
399906
407994
621877
587728
576944
159064
413133
858480
181530
10000
10000
10000
873953
640500
382848
533142
563032
589490
513138
620978
603688
571768
648638
760540
1032049
1097864
1066125
1168916
1156306
1226757
933764
509045
1742514
1356674
1084104
980117
1128154
937776
1099752
923578
1303965
1028377
750084
853534
1108540
1064877
1030538
1196513
1045226
1156590
1472881
1411754
1731401
1365221
1310588
897436
1072918
1184532
762313
1472221
158165
830380
722965
729717
613858
589362
671846
692422
591772
221521
758442
571930
87722
892376
628844
648161
669085
667232
1055285
1174073
922032
873054
457421
57065
1207814
1703416
978648
1178152
1019986
680290
905458
1223482
1022468
1295601
1335460
1246900
1077930
1823198
1447968
1406862
852385
914336
2021608
1820312
1569908
1293653
1432917
1704618
2298538
1657617
963281
1502316
1378986
2489794
1653802
1899525
1169522
1459541
2357248
2467157
1974209
1480293
1244501
1830996
1417717
1246380
912089
1310762
930120
754880
697366
634008
225565
10000
995722
360365
96157
687480
256025
253752
319692
416981
319476
347465
270584
236798
235900
10000
871041
464826
457205
441910
235450
114580
10000
659621
186473
88069
616934
400805
319026
239045
255221
297908
387325
328013
346453
334286
373845
510442
500108
591782
557162
569538
597829
603308
576192
616485
654229
551850
589905
538960
42477
1042902
632100
633448
818909
526169
602106
510442
10000
1039230
478617
384180
77285
22916
10000
12884
1234465
374294
492020
408401
401729
354973
399561
399802
333638
521892
283978
75488
10000
628168
468672
568510
690953
607498
767464
778242
679392
496962
336188
786092
883250
1004856
1005521
931917
693770
600309
667260
628004
630578
678044
778478
858892
561217
206244
103857
471056
44034
10000
939116
351369
267745
1287726
629186
607049
516768
680057
787197
880348
976194
901016
845388
952516
728784
893853
834878
791708
789680
851734
752184
805888
768576
771954
751518
702973
514625
561078
838905
10000
1347101
544142
679625
638718
607049
345986
10000
292066
24264
10000
816888
231406
135304
1051169
506614
450448
266454
1797
321654
890448
566808
679858
705202
536953
436302
422822
323070
223768
10000
704105
325317
152324
10000
481236
226913
241741
223768
105144
10000
10000
10000
7638
1183777
316546
353677
339644
239494
304198
303749
269600
208940
10000
224217
517632
195010
239045
299705
227362
33700
104245
461465
33700
382382
197257
128060
271846
238414
119254
24264
10000
32352
10000
10000
635104
378142
200402
263758
164905
124465
35946
10000
483033
226014
92113
48078
10000
70874
139862
292516
150976
141090
301502
306894
196142
179949
352277
319813
314196
208041
184676
168050
212534
199054
35946
105144
414734
64704
10000
602106
382382
406646
323969
84025
310040
175240
177936
211636
234102
136450
155452
169562
293414
372497
469925
443569
347334
196358
293864
215326
273098
56166
692422
374294
402153
492918
495848
480553
435853
186922
16625
687929
579640
510892
586829
831050
651300
646141
773302
775998
569754
370700
387325
364861
423741
378532
255221
499892
841809
1148054
1228868
1008129
815324
626586
574066
552861
415633
435853
476146
1142801
1443182
1033649
677937
537489
839769
508593
583485
408176
101549
646690
1061908
861821
1402093
1629108
1439061
2309565
1438333
1333533
971458
937196
1392649
1631790
1921322
1476716
1062889
1691992
2023994
1734876
1167213
1401409
851486
673317
759074
764214
1126284
1057081
1280046
1026277
523816
2187910
1269816
1611861
1331721
1034222
1351680
2562730
1540638
995722
945493
1404909
1282474
1070088
1170936
1138317
2032981
1343836
733528
815341
671053
734660
447536
463945
216345
10000
811945
1016392
567508
649286
647722
496280
171645
1261668
1023192
983294
1006802
631313
667709
700960
513372
455390
151874
10000
10000
10000
1130972
181980
36845
10784
286674
10000
10000
28757
931468
167152
264208
353625
291617
325766
253873
262410
239278
198821
197257
222869
219274
252525
313185
288022
13030
1348
10000
453785
663706
243089
244437
262860
242190
262410
278137
183146
367736
428214
333854
415184
267802
129408
10000
3145
10000
10000
24134
499338
354074
30554
10000
268502
174540
10000
84526
461413
307793
175240
172544
249829
200402
124016
158614
92562
10000
10000
410241
190517
328912
233653
165354
230957
142438
55268
10000
61558
27858
10000
10000
503702
16625
390470
221297
406421
249829
140192
36396
392717
161310
92562
22017
251177
139293
413386
487976
305996
141090
471800
374294
234552
339696
181530
215680
327564
286830
306289
193213
270498
335202
377440
323969
276340
21118
881592
608181
493134
327564
128509
913978
647904
544592
534862
639245
765214
796236
795868
816772
598512
404400
351828
331608
312736
463712
480786
428664
399906
407994
621877
587728
576944
159064
413133
858480
181530
10000
10000
10000
873953
640500
382848
533142
563032
589490
513138
620978
603688
571768
648638
760540
1032049
1097864
1066125
1168916
1156306
1226757
933764
509045
1742514
1356674
1084104
980117
1128154
937776
1099752
923578
1303965
1028377
750084
853534
1108540
1064877
1030538
1196513
1045226
1156590
1472881
1411754
1731401
1365221
1310588
897436
1072918
1184532
762313
1472221
158165
830380
722965
729717
613858
589362
671846
692422
591772
221521
758442
571930
87722
892376
628844
648161
669085
667232
1055285
1174073
922032
873054
457421
57065
1207814
1703416
978648
1178152
1019986
680290
905458
1223482
1022468
1295601
1335460
1246900
1077930
1823198
1447968
1406862
852385
914336
2021608
1820312
1569908
1293653
1432917
1704618
2298538
1657617
963281
1502316
1378986
2489794
1653802
1899525
1169522
1459541
2357248
2467157
1974209
1480293
1244501
1830996
1417717
1246380
912089
1310762
930120
754880
697366
634008
225565
10000
995722
360365
96157
687480
256025
253752
319692
416981
319476
347465
270584
236798
235900
10000
871041
464826
457205
441910
235450
114580
10000
659621
186473
88069
616934
400805
319026
239045
255221
297908
387325
328013
346453
334286
373845
510442
500108
591782
557162
569538
597829
603308
576192
616485
654229
551850
589905
538960
42477
1042902
632100
633448
818909
526169
602106
510442
10000
1039230
478617
384180
77285
22916
10000
12884
1234465
374294
492020
408401
401729
354973
399561
399802
333638
521892
283978
75488
10000
628168
468672
568510
690953
607498
767464
778242
679392
496962
336188
786092
883250
1004856
1005521
931917
693770
600309
667260
628004
630578
678044
778478
858892
561217
206244
103857
471056
44034
10000
939116
351369
267745
1287726
629186
607049
516768
680057
787197
880348
976194
901016
