1405549
1622724
1976168
1737805
2200917
2153756
1904557
1428249
2674816
2127872
1756758
1974716
1027626
768000
1115477
2191360
1712513
1236202
1460801
818278
1170093
2084886
786625
1162961
609436
1984245
1024480
959018
1322996
1444282
1734900
1733110
1365389
1422933
976160
556274
644793
30720
1081829
623674
609296
509993
640324
700486
434160
433286
351145
114502
919646
641682
694902
721690
614842
561217
160412
101998
10000
1208137
2385237
2188629
1458858
2345642
2418005
2471253
2418688
1404928
1327104
2207744
2354517
2461696
1482069
1353045
3263829
2976174
2001181
1617237
1131861
1885525
2357930
2254848
1356458
278528
1687552
2515626
2363392
1704618
1318912
1783808
2140160
2239829
1810432
1512789
486084
1155685
1647516
1178576
1949696
1346594
1193429
1779058
1246781
1279888
1251840
968204
1033216
804928
1430418
1162425
853284
1106708
1220101
1397829
1500658
1281498
1467972
1740268
1380801
1521442
1307110
1531130
1281014
1504568
1248957
1340488
1082694
1358850
1501665
1244653
1558288
943600
1553589
1385949
1177253
723426
812844
708149
628168
579640
532693
1387576
1186009
1032081
1295877
1197346
1160730
1079988
1364910
1462212
1801909
964502
960918
1286144
1554064
1604154
1634640
1882708
1081344
2166784
2364757
2270549
2107392
1421312
1641130
2431658
2307538
1899025
1208500
1860949
2454728
985837
2155861
1125034
288768
1909418
2360661
2161322
1401514
1998165
2426880
1904668
2113445
1415850
1399466
2326528
2321066
2436437
1272137
1390592
2327210
2497194
1591956
751928
1546734
1284986
1261764
1225149
1025680
1062285
864068
809249
732222
879086
1348
1481002
800920
1374142
1372920
1847676
1972958
1968080
1737606
1766158
1206272
2381141
2610517
2067797
1585152
1619968
1909418
2352469
2265088
1887573
1489578
1706666
2249386
2349738
1964714
1381717
1716224
2316288
2183168
1939456
1781760
1672533
2251434
1903274
2196138
1172821
1464320
2228224
2271232
2215936
1230165
1483434
2242560
2172245
2183168
1278634
1593344
2347008
2338816
1467168
558460
436906
2291712
2329258
2192042
1404245
1769472
2276010
2436437
2301269
1555114
1060864
2240512
2258261
2224128
1337344
1531221
2362026
2487637
2355200
1906688
1370112
1552384
2284202
2311509
1743530
1242453
1880064
2445312
2318336
1847296
1469098
1841834
2282837
2206378
2158592
1288874
1641130
2127872
2248704
2219349
1380352
1422677
2248165
1223704
1051673
1277988
2382506
2187621
2315593
1979292
1103189
385024
2322432
1851654
398853
1621572
2025050
1988836
2142501
1728830
1129813
1871872
2433706
1816522
1962796
907946
1911466
2426197
2351104
2250069
1380352
1179648
1896448
1456128
1671850
1478656
1815893
2218666
1824282
1478989
1291696
1643349
1290969
1197205
1272062
947825
1208974
1086038
1027706
1569952
1144176
1815866
1724860
1775765
1758690
277162
1092266
2043904
2365440
2246728
1253376
1687552
1453925
1686362
1489358
1433805
1531904
1846866
1496602
1437162
1256785
1160196
1105342
1035402
1312200
1226213
1396964
982456
1198108
1741861
1220494
1887777
1596304
1622810
1658321
1522006
1437696
2209109
2174398
1993586
1165940
1433600
1848661
2319701
2248704
1240973
1542826
1676624
1978668
1926038
1559210
1323008
2317653
2183168
2288981
1678677
1279317
2377045
568396
803978
1210445
1058333
1943612
1637574
1339013
936304
1589248
2336085
1982157
1905588
1792272
1458176
1703936
2145118
1151192
838768
478012
1647022
1729770
2116137
1695966
1595392
1949696
2215936
2352469
2039808
1114112
1729877
2283520
2424832
1950378
1359189
1825450
2270549
2140842
2016597
1383082
1729194
1405549
1622724
1976168
1737805
2200917
2153756
1904557
1428249
2674816
2127872
1756758
1974716
1027626
768000
1115477
2191360
1712513
1236202
1460801
818278
1170093
2084886
786625
1162961
609436
1984245
1024480
959018
1322996
1444282
1734900
1733110
1365389
1422933
976160
556274
644793
30720
1081829
623674
609296
509993
640324
700486
434160
433286
351145
114502
919646
641682
694902
721690
614842
561217
160412
101998
10000
1208137
2385237
2188629
1458858
2345642
2418005
2471253
2418688
1404928
1327104
2207744
2354517
2461696
1482069
1353045
3263829
2976174
2001181
1617237
1131861
1885525
2357930
2254848
1356458
278528
1687552
2515626
2363392
1704618
1318912
1783808
2140160
2239829
1810432
1512789
486084
1155685
1647516
1178576
1949696
1346594
1193429
1779058
1246781
1279888
1251840
968204
1033216
804928
1430418
1162425
853284
1106708
1220101
1397829
1500658
1281498
1467972
1740268
1380801
1521442
1307110
1531130
1281014
1504568
1248957
1340488
1082694
1358850
1501665
1244653
1558288
943600
1553589
1385949
1177253
723426
812844
708149
628168
579640
532693
1387576
1186009
1032081
1295877
1197346
1160730
1079988
1364910
1462212
1801909
964502
960918
1286144
1554064
1604154
1634640
1882708
1081344
2166784
2364757
2270549
2107392
1421312
1641130
2431658
2307538
1899025
1208500
1860949
2454728
985837
2155861
1125034
288768
1909418
2360661
2161322
1401514
1998165
2426880
1904668
2113445
1415850
1399466
2326528
2321066
2436437
1272137
1390592
2327210
2497194
1591956
751928
1546734
1284986
1261764
1225149
1025680
1062285
864068
809249
732222
879086
1348
1481002
800920
1374142
1372920
1847676
1972958
1968080
1737606
1766158
1206272
2381141
2610517
2067797
1585152
1619968
1909418
2352469
2265088
1887573
1489578
1706666
2249386
2349738
1964714
1381717
1716224
2316288
2183168
1939456
1781760
1672533
2251434
1903274
2196138
1172821
1464320
2228224
2271232
2215936
1230165
1483434
2242560
2172245
2183168
1278634
1593344
2347008
2338816
1467168
558460
436906
2291712
2329258
2192042
1404245
1769472
2276010
2436437
2301269
1555114
1060864
2240512
2258261
2224128
1337344
1531221
2362026
2487637
2355200
1906688
1370112
1552384
2284202
2311509
1743530
1242453
1880064
2445312
2318336
1847296
1469098
1841834
2282837
2206378
2158592
1288874
1641130
2127872
2248704
2219349
1380352
1422677
2248165
1223704
1051673
1277988
2382506
2187621
2315593
1979292
1103189
385024
2322432
1851654
398853
1621572
2025050
1988836
2142501
1728830
1129813
1871872
2433706
1816522
1962796
907946
1911466
2426197
2351104
2250069
1380352
1179648
1896448
1456128
1671850
1478656
1815893
2218666
1824282
1478989
1291696
1643349
1290969
1197205
1272062
947825
1208974
1086038
1027706
1569952
1144176
1815866
1724860
1775765
1758690
277162
1092266
2043904
2365440
2246728
1253376
1687552
1453925
1686362
1489358
1433805
1531904
1846866
1496602
1437162
1256785
1160196
1105342
1035402
1312200
1226213
1396964
982456
1198108
1741861
1220494
1887777
1596304
1622810
1658321
1522006
1437696
2209109
2174398
1993586
1165940
1433600
1848661
2319701
2248704
1240973
1542826
1676624
1978668
1926038
1559210
1323008
2317653
2183168
2288981
1678677
1279317
2377045
568396
803978
1210445
1058333
1943612
1637574
1339013
936304
1589248
2336085
1982157
1905588
1792272
1458176
1703936
2145118
1151192
838768
478012
1647022
1729770
2116137
1695966
1595392
1949696
2215936
2352469
2039808
1114112
1729877
2283520
2424832
1950378
1359189
1825450
2270549
2140842
2016597
1383082
1729194
1405549
1622724
1976168
1737805
2200917
2153756
1904557
1428249
2674816
2127872
1756758
1974716
1027626
768000
1115477
2191360
1712513
1236202
1460801
818278
1170093
2084886
786625
1162961
609436
1984245
1024480
959018
1322996
1444282
1734900
1733110
1365389
1422933
976160
556274
644793
30720
1081829
623674
609296
509993
640324
700486
434160
433286
351145
114502
919646
641682
694902
721690
614842
561217
160412
101998
10000
1208137
2385237
2188629
1458858
2345642
2418005
2471253
2418688
1404928
1327104
2207744
2354517
2461696
1482069
1353045
3263829
2976174
2001181
1617237
1131861
1885525
2357930
2254848
1356458
278528
1687552
2515626
2363392
1704618
1318912
1783808
2140160
2239829
1810432
1512789
486084
1155685
1647516
1178576
1949696
1346594
1193429
1779058
1246781
1279888
1251840
968204
1033216
804928
1430418
1162425
853284
1106708
1220101
1397829
1500658
1281498
1467972
1740268
1380801
1521442
1307110
1531130
1281014
1504568
1248957
1340488
1082694
1358850
1501665
1244653
1558288
943600
1553589
1385949
1177253
723426
812844
708149
628168
579640
532693
1387576
1186009
1032081
1295877
1197346
1160730
1079988
1364910
1462212
1801909
964502
960918
1286144
1554064
1604154
1634640
1882708
1081344
2166784
2364757
2270549
2107392
1421312
1641130
2431658
2307538
1899025
1208500
1860949
2454728
985837
2155861
1125034
288768
1909418
2360661
2161322
1401514
1998165
2426880
1904668
2113445
1415850
1399466
2326528
2321066
2436437
1272137
1390592
2327210
2497194
1591956
751928
1546734
1284986
1261764
1225149
1025680
1062285
864068
809249
732222
879086
1348
1481002
800920
1374142
1372920
1847676
1972958
1968080
1737606
1766158
1206272
2381141
2610517
2067797
1585152
1619968
1909418
2352469
2265088
1887573
1489578
