1368900
1509998
1098652
909900
1138050
1189365
1296202
1277550
1543050
1343250
1592550
927900
603778
588721
376316
559682
637200
443250
401400
582750
804600
561150
1384766
1595133
1923563
1686104
1698750
1539676
1327274
1659810
2025689
1934165
1670334
1957312
1911920
1944978
1913189
1839150
1849941
1874148
1855029
1892509
1709032
1408293
1682995
1903950
1916216
1655884
1438200
1862549
1542022
1771777
1943550
1688400
1973700
1632413
1698486
1756424
1964066
1939160
1664100
1966499
1927350
1944077
1695523
2011950
1679850
1708650
2188350
1912727
1838683
2013866
1770422
1171799
598945
1730476
1798288
1446251
1566971
1695035
1511550
2027699
1718100
2115900
300599
1689098
1937451
1839150
1770416
1854333
1839149
1986300
1783804
1943095
1975500
1634516
1811630
1616358
1656000
1373845
1406700
1772100
1235700
1377899
1408500
1163700
1057500
896850
1357650
1460699
1597050
1846800
1935882
1834218
1965162
1811688
1628550
1879316
1978488
1831030
2056564
1878300
1831504
1935896
1685250
1831049
1937604
32046
1614150
1738800
1813616
1698633
1977686
1940929
1613234
1896300
1789650
1894949
1782211
1813289
1684799
1611826
1902891
1788750
1597049
1561500
1117110
1385920
1585879
1734988
1764430
1811270
1653591
1973183
1978192
1817325
1919025
1606050
1207456
1722943
2022113
1585567
1785569
1211849
1624050
1509754
1617296
1546104
1823706
1696289
1735363
1771936
1400610
1895189
1569752
1966797
1458004
1756556
1662989
1912500
1713845
1896508
1870646
1640700
1563304
1708645
1600960
1507640
1272149
1420411
1642050
1895639
1696662
1473805
1944566
1986394
1827430
1947619
1846139
1604899
1410322
1584656
1429500
1698238
1870767
1519983
1209266
1083487
1431663
1322550
1241100
817200
401516
336034
519533
426600
379116
331650
337849
320500
262350
328500
265500
256166
167283
138150
197550
456750
558450
250766
366750
300716
237366
232766
198000
176966
147366
143666
143883
109350
138716
97200
34532
207900
84600
17549
176967
182133
220710
193739
168300
149850
191010
157738
117450
165150
158400
127560
108239
29250
21600
295200
115200
264600
218249
299700
298800
301949
350100
413100
501304
388345
272700
222960
264056
429632
260550
172350
122850
442470
672862
996750
1516500
1272150
603000
370349
232200
224554
275396
316442
396357
355616
390932
379350
367893
306450
184050
206216
345033
285533
280566
319166
324783
376200
306900
321299
341550
397800
369900
331417
345600
407700
334800
238500
239399
556200
288900
321300
220950
300150
259316
464850
467883
446849
365400
664649
430323
539877
715049
447750
265616
246483
220050
150750
105750
7200
432450
199349
176400
249750
416700
481954
528412
516483
495815
371334
657899
481500
597832
507134
547410
550139
573300
522004
612446
720444
711906
702000
756000
791782
652267
792900
619650
594000
669909
661640
707850
737550
897199
1006300
1033650
1204950
1366349
1271250
1470150
1333349
1417500
1569622
1615481
1322996
1391400
1748249
1565761
1640532
1637506
1430550
1533150
1377450
1321322
1586578
1596840
1403309
1509750
1595249
1908096
1856674
159446
1246167
1822833
1929600
1646550
1484731
1603618
1464300
1370366
1003594
823467
756939
657450
623250
603900
1022004
1417873
637888
841733
524467
436390
452840
284819
368464
478435
598950
386549
619654
388346
447300
325700
393849
292166
228484
255600
287782
377767
301733
151416
187650
267299
206333
231517
263249
262917
186633
225900
258982
289117
294432
346817
443250
425250
418050
534150
467100
453150
388800
312983
326466
291720
367646
295533
188550
235800
319950
304650
314216
270449
232534
222866
306030
308553
321866
390933
309266
300933
337950
311400
306000
281460
246838
224100
180900
233100
274500
329966
386666
344466
387899
368550
306900
406350
294082
324667
285300
338516
270900
317583
330300
315000
292050
286200
216015
280901
312633
452700
400500
246716
263133
287549
333000
303300
443599
536313
596204
573750
545198
584752
568800
512100
508050
411300
410849
661283
410051
396783
527632
605228
530332
569018
644966
517383
662610
587793
759746
426383
373716
576000
599966
663182
567000
420300
350550
402416
390033
539100
641694
616060
621678
609300
644849
598950
193500
263700
308816
241882
412300
177300
256950
189116
142294
222087
138268
309033
310950
291150
239400
219150
158400
160766
40382
229050
81450
9900
1368900
1509998
1098652
909900
1138050
1189365
1296202
1277550
1543050
1343250
1592550
927900
603778
588721
376316
559682
637200
443250
401400
582750
804600
561150
1384766
1595133
1923563
1686104
1698750
1539676
1327274
1659810
2025689
1934165
1670334
1957312
1911920
1944978
1913189
1839150
1849941
1874148
1855029
1892509
1709032
1408293
1682995
1903950
1916216
1655884
1438200
1862549
1542022
1771777
1943550
1688400
1973700
1632413
1698486
1756424
1964066
1939160
1664100
1966499
1927350
1944077
1695523
2011950
1679850
1708650
2188350
1912727
1838683
2013866
1770422
1171799
598945
1730476
1798288
1446251
1566971
1695035
1511550
2027699
1718100
2115900
300599
1689098
1937451
1839150
1770416
1854333
1839149
1986300
1783804
1943095
1975500
1634516
1811630
1616358
1656000
1373845
1406700
1772100
1235700
1377899
1408500
1163700
1057500
896850
1357650
1460699
1597050
1846800
1935882
1834218
1965162
1811688
1628550
1879316
1978488
1831030
2056564
1878300
1831504
1935896
1685250
1831049
1937604
32046
1614150
1738800
1813616
1698633
1977686
1940929
1613234
1896300
1789650
1894949
1782211
1813289
1684799
1611826
1902891
1788750
1597049
1561500
1117110
1385920
1585879
1734988
1764430
1811270
1653591
1973183
1978192
1817325
1919025
1606050
1207456
1722943
2022113
1585567
1785569
1211849
1624050
1509754
1617296
1546104
1823706
1696289
1735363
1771936
1400610
1895189
1569752
1966797
1458004
1756556
1662989
1912500
1713845
1896508
1870646
1640700
1563304
1708645
1600960
1507640
1272149
1420411
1642050
1895639
1696662
1473805
1944566
1986394
1827430
1947619
1846139
1604899
1410322
1584656
1429500
1698238
1870767
1519983
1209266
1083487
1431663
1322550
1241100
817200
401516
336034
519533
426600
379116
331650
337849
320500
262350
328500
265500
256166
167283
138150
197550
456750
558450
250766
366750
300716
237366
232766
198000
176966
147366
143666
143883
109350
138716
97200
34532
207900
84600
17549
176967
182133
220710
193739
168300
149850
191010
157738
117450
165150
158400
127560
108239
29250
21600
295200
115200
264600
218249
299700
298800
301949
350100
413100
501304
388345
272700
222960
264056
429632
260550
172350
122850
442470
672862
996750
1516500
1272150
603000
370349
232200
224554
275396
316442
396357
355616
390932
379350
367893
306450
184050
206216
345033
285533
280566
319166
324783
376200
306900
321299
341550
397800
369900
331417
345600
407700
334800
238500
239399
556200
288900
321300
220950
300150
259316
464850
467883
446849
365400
664649
430323
539877
715049
447750
265616
246483
220050
150750
105750
7200
432450
199349
176400
249750
416700
481954
528412
516483
495815
371334
657899
481500
597832
507134
547410
550139
573300
522004
612446
720444
711906
702000
756000
791782
652267
792900
619650
594000
669909
661640
707850
737550
897199
1006300
1033650
1204950
1366349
1271250
1470150
1333349
1417500
1569622
1615481
1322996
1391400
1748249
1565761
1640532
1637506
1430550
1533150
1377450
1321322
1586578
1596840
1403309
1509750
1595249
1908096
1856674
159446
1246167
1822833
1929600
1646550
1484731
1603618
1464300
1370366
1003594
823467
756939
657450
623250
603900
1022004
1417873
637888
841733
524467
436390
452840
284819
368464
478435
598950
386549
619654
388346
447300
325700
393849
292166
228484
255600
287782
377767
301733
151416
187650
267299
206333
231517
263249
262917
186633
225900
258982
289117
294432
346817
443250
425250
418050
534150
467100
453150
388800
312983
326466
291720
367646
295533
188550
235800
319950
304650
314216
270449
232534
222866
306030
308553
321866
390933
309266
300933
337950
311400
306000
281460
246838
224100
180900
233100
274500
329966
386666
344466
387899
368550
306900
406350
294082
324667
285300
338516
270900
317583
330300
315000
292050
286200
216015
280901
312633
452700
400500
246716
263133
287549
333000
303300
443599
536313
596204
573750
545198
584752
568800
512100
508050
411300
410849
661283
410051
396783
527632
605228
530332
569018
644966
517383
662610
587793
759746
426383
373716
